#contig	start	end	unit	gene	region	top_case_zscore	high_case_counts	all_counts
22	25295782	25296638	AAAG	SGSM1	intronic	18.19	HG02982:18.26	23.33,0.84,5.24,18.26
17	49586837	49588029	AAAG	LINC02073(dist=63674),CA10(dist=119645)	intergenic	17.06	HG02982:30.71	0.84,5.03,4.16,7.40,1.63,5.90,11.91,8.99,3.94,0.83,0.78,3.42,4.12,2.83,1.64,10.33,4.90,4.21,4.03,6.96,4.07,3.43,9.93,7.54,0.85,5.83,2.52,5.80,5.02,1.70,6.86,0.84,2.51,2.62,30.71,2.57,16.55,5.14,3.31,1.71,7.55,10.28,10.02,5.91,1.74,1.69,5.92,15.40,15.96,9.32,7.42,5.04,5.43,4.99,4.21,11.96,3.25,8.49,9.10,10.81,0.85,3.39
2	67102901	67103829	AAGG	LINC01797(dist=172542),LINC01799(dist=27739)	intergenic	14.45	HG02982:17.43	3.22,3.29,1.56,1.67,1.74,5.00,2.48,5.02,2.51,3.49,17.43,2.57,4.28,21.71,11.85
11	12351873	12352765	AG	MICALCL	intronic	11.13	HG02982:11.62	0.81,0.86,0.84,1.67,11.62,3.49,1.67,0.81
13	101073937	101074598	AAAG	PCCA	intronic	9.96	HG02982:9.96	16.28,9.96
17	6654314	6655221	AAG	SLC13A5(dist=37574),XAF1(dist=3545)	intergenic	9.35	HG02982:20.75	0.81,20.75,19.69,19.86,12.80
5	122103750	122104537	AAGGAG	LINC02201(dist=37495),SNX2(dist=6154)	intergenic	9.13	HG02982:9.13	7.86,9.13
21	22805686	22806247	AAAAT	NCAM2	intronic	8.30	HG02982:8.30	8.30
22	27720274	27721762	ATCC	LINC02554(dist=6473),MN1(dist=422503)	intergenic	7.53	HG02982:19.09	2.45,3.26,5.82,4.17,4.16,1.66,6.66,5.84,10.03,6.38,9.19,2.51,1.66,11.91,3.37,2.47,5.75,4.07,6.44,4.92,11.09,11.96,0.87,2.47,8.81,8.35,3.25,8.06,4.21,3.87,5.90,5.10,1.73,1.63,5.03,2.48,4.07,1.58,6.77,2.44,1.72,2.52,2.52,6.73,1.70,0.87,1.71,4.14,4.14,4.82,6.60,8.47,5.79,5.47,1.62,4.27,5.03,5.03,2.47,2.83,4.32,9.25,5.82,4.18,5.03,5.11,3.29,2.51,1.68,0.86,8.17,7.49,7.76,2.52,1.63,1.69,0.81,8.07,7.82,4.35,4.85,3.22,6.57,5.70,4.89,0.85,4.11,4.98,0.86,4.10,5.12,7.44,4.16,1.73,4.19,7.39,6.49,4.25,2.50,3.43,5.77,5.87,4.14,7.45,3.35,6.82,2.36,8.57,2.51,4.35,3.35,7.86,19.09,11.98,7.45,7.71,0.83,3.29,8.53,6.57,5.04,11.15,0.86,5.01,4.22,7.64,6.98,5.92,5.92,10.27,3.36,7.63,15.54,2.47,3.36,13.97,2.51,2.50,4.21,4.27,3.34,3.15,10.58,7.64,4.96,4.99,13.58,7.62
21	33155751	33158202	ACC	SCAF4(dist=51320),HUNK(dist=87131)	intergenic	6.81	HG02982:21.58	3.27,12.24,9.77,8.31,3.34,14.14,4.99,9.99,9.18,12.54,6.38,8.35,6.70,8.32,11.91,8.42,12.34,9.04,13.04,8.85,10.67,10.24,8.54,10.38,5.75,12.02,11.68,4.87,12.09,12.62,6.78,8.43,5.95,6.91,17.16,9.22,7.43,8.14,12.62,10.16,3.26,3.43,5.04,8.41,11.77,8.50,12.14,5.14,9.11,5.79,13.66,6.60,7.62,10.74,7.03,8.92,6.83,4.19,10.05,9.06,8.50,12.95,5.04,4.99,12.55,6.71,4.26,9.03,7.54,5.89,10.33,6.66,7.36,6.66,7.76,7.56,12.25,4.21,9.68,9.86,8.69,10.44,4.85,8.86,7.39,7.33,4.89,6.84,5.75,4.15,4.29,8.21,11.96,13.23,5.83,4.32,6.70,9.86,5.68,4.25,9.16,10.28,9.89,14.27,9.11,19.88,13.40,10.23,7.86,7.71,11.70,14.80,10.88,11.35,21.58,6.85,14.07,11.14,14.07,8.22,6.83,14.78,15.11,10.29,12.85,7.52,15.19,8.49,9.60,8.46,14.38,14.55,6.72,7.63,9.81,11.54,5.88,8.54,10.05,9.98,9.27,11.11,13.37,14.19,27.66,5.94,10.75,11.64,13.58,9.31
3	139969951	139970879	AAAGG	CLSTN2	intronic	6.50	HG02982:19.92	8.47,12.61,9.11,19.92,13.19
2	241324297	241325906	AGCCC	OTOS(dist=244222),GPC1(dist=49174)	intergenic	6.30	HG02982:14.94	3.27,3.26,2.44,4.16,2.50,5.82,4.99,5.00,5.01,6.69,0.80,2.51,4.19,3.33,5.11,5.05,3.29,2.47,5.70,4.83,2.46,5.12,3.42,4.33,1.64,5.61,3.34,2.42,4.21,6.78,2.53,9.36,7.78,7.35,8.39,2.48,4.07,8.68,6.77,7.33,1.72,3.36,5.04,5.04,5.95,3.47,6.86,1.66,2.48,3.21,4.13,5.93,3.31,6.25,1.62,0.85,5.03,3.35,3.30,1.89,6.91,2.52,5.02,4.19,4.26,4.93,5.02,0.84,6.02,9.15,5.72,5.00,10.35,5.04,8.17,3.37,4.03,7.17,6.95,2.61,5.66,2.42,4.11,4.07,4.89,1.71,7.39,4.15,2.57,6.56,5.12,3.31,5.00,2.59,9.21,2.46,6.49,2.55,2.50,1.71,5.77,6.71,0.83,4.97,2.51,0.85,6.29,1.71,5.85,4.35,5.02,4.36,14.94,6.85,6.62,4.28,1.65,5.75,5.12,7.39,5.88,2.57,6.85,3.34,10.13,5.23,2.54,5.07,5.99,7.56,4.24,3.27,2.47,4.20,3.88,8.37,4.16,3.37,6.84,5.01,6.31,5.69,3.40,8.27,10.81,0.85,2.54
3	189967928	189968758	ATATATATATATCC	P3H2-AS1(dist=105293),CLDN1(dist=54743)	intergenic	6.08	HG02982:6.64	0.81,0.85,6.64,1.71,5.14,12.59,7.64
14	106055266	106057720	AGCCC	LOC105370697(dist=54612),MIR8071-1(dist=29733)	intergenic	5.94	HG02982:36.52	13.88,18.77,19.54,16.63,17.53,14.14,19.95,10.83,21.71,18.39,16.75,11.69,10.89,18.30,15.32,17.67,18.10,10.69,18.74,20.93,19.70,15.36,10.25,11.25,16.44,9.61,15.86,12.17,16.12,22.71,14.52,23.61,23.82,13.82,15.52,15.09,10.73,20.36,22.08,16.09,17.93,16.31,15.96,17.66,8.41,11.91,9.54,13.72,9.11,16.54,15.27,11.56,19.48,15.70,21.10,14.59,15.38,41.95,18.43,8.24,16.05,7.77,18.49,26.62,25.94,9.23,17.03,18.89,15.91,12.63,3.44,14.97,17.16,8.33,24.15,19.32,19.60,7.58,21.79,13.44,12.16,11.31,15.36,13.69,15.60,17.93,19.54,11.96,22.18,8.30,19.73,19.69,8.54,24.82,12.49,15.56,16.75,9.86,17.84,11.91,18.33,22.28,12.36,21.82,16.56,21.54,15.91,17.05,22.79,13.71,12.54,16.54,30.12,14.84,36.52,12.84,17.38,23.99,9.93,15.62,12.80,28.73,10.91,17.15,14.56,12.53,21.10,19.52,13.96,19.46,18.61,18.83,21.01,13.56,29.44,13.19,12.60,24.84,22.61,19.96,10.96,17.09,24.24,31.54,22.78,15.29,15.72,25.77,10.18,14.39
7	140513956	140514953	AACATATATATATTATATAT	BRAF	intronic	5.81	HG02982:5.81	5.81,8.54
5	176523202	176524509	AAGAGGAGGAGGAGG	FGFR4	exonic	5.54	HG02982:10.79	1.63,3.33,0.83,1.66,0.83,0.80,3.34,1.68,0.83,4.25,3.37,4.11,4.02,0.82,0.85,2.47,1.60,4.03,1.69,2.55,0.86,0.82,1.68,1.65,3.26,2.37,2.54,3.26,0.86,2.52,0.84,2.55,0.86,1.66,3.31,1.61,1.65,1.69,1.56,2.43,1.71,1.68,1.65,4.20,2.50,0.84,1.70,2.46,3.35,0.83,1.73,0.84,0.82,1.69,1.61,1.79,1.74,8.09,0.81,3.28,1.63,0.81,2.46,4.92,1.71,3.31,1.73,1.67,1.62,2.55,2.47,0.83,13.25,5.86,3.41,5.50,4.29,3.34,10.79,2.57,6.85,0.83,1.64,2.46,0.84,0.86,0.86,5.01,4.22,1.70,9.31,0.85,1.68,0.85,4.12,1.68,3.88,3.35,4.16,5.06,0.85,1.67,0.83,0.85
17	25263072	25268103	AATGG	NONE(dist=NONE),LOC105371703(dist=131312)	intergenic	5.05	HG02982:19.92	8.16,10.61,9.77,9.15,7.51,9.15,9.14,8.33,10.02,14.21,11.17,11.69,11.73,9.98,8.51,7.57,6.58,11.51,9.78,11.27,4.10,5.12,11.96,6.92,12.33,11.22,10.85,10.55,8.86,15.98,8.71,13.49,14.46,1.73,4.09,9.22,5.78,8.14,6.31,5.93,4.07,13.74,7.56,7.57,4.20,11.05,13.01,14.57,3.31,9.10,3.21,8.26,11.86,12.40,4.69,11.35,5.98,11.75,15.08,9.89,5.66,10.36,12.61,5.82,10.04,10.90,8.52,5.75,6.70,6.74,10.33,9.15,6.54,15.82,15.53,2.52,10.62,5.90,8.88,17.92,10.43,4.35,8.90,6.44,12.32,11.41,8.14,11.96,6.57,4.15,8.58,6.56,6.83,8.27,10.82,6.92,9.21,10.68,13.78,5.96,6.66,9.43,4.94,8.39,9.94,6.63,12.56,8.52,7.86,6.00,5.85,8.70,5.86,10.48,19.92,5.14,9.10,13.71,12.41,5.75,11.95,6.57,10.07,10.29,5.14,15.87,11.81,8.49,8.72,11.00,8.46,3.42,12.60,14.41,9.81,11.54,7.56,7.76,10.05,8.32,9.27,11.96,6.69,8.67,11.39,8.49,17.37,10.81,12.73,3.39
18	74068853	74069785	ACCCAGCGCAGAGTGGCGT	ZNF516(NM_014643:c.*4816_*4668delins0)	UTR3	5.05	HG02982:6.64	0.83,0.83,0.85,0.81,1.64,0.83,0.85,0.81,0.86,0.84,1.73,0.85,0.82,2.50,0.82,0.87,0.81,0.86,0.82,0.83,0.85,0.83,0.86,0.83,0.84,1.70,0.79,0.86,0.87,1.75,6.64,0.86,0.86,0.83,0.82,0.85,1.64,2.52,0.87,0.85,1.71,0.84,3.39,0.78,0.84,3.39
17	77241341	77241574	ACCCCCACTCCCGCCGCCC	RBFOX3	intronic	4.98	HG02982:4.98	4.98
20	43392076	43393415	ATCC	RIMS4	intronic	4.79	HG02982:29.05	17.14,17.95,17.10,19.96,10.02,14.98,20.78,12.49,24.21,17.55,19.14,12.53,10.05,19.14,22.12,12.62,10.69,18.90,14.67,24.15,29.55,17.92,11.96,25.09,21.37,21.63,21.70,17.86,12.09,15.14,15.49,15.18,11.91,20.73,21.24,15.93,20.63,20.36,12.62,11.01,13.85,17.17,16.80,21.86,18.49,17.86,23.41,13.72,19.05,12.41,15.27,9.08,16.94,9.92,15.63,16.21,7.69,12.58,18.43,24.72,7.55,18.14,26.90,18.30,8.37,10.90,11.07,23.00,12.56,16.00,17.21,11.65,17.16,21.65,20.70,21.85,14.70,14.32,16.94,14.34,18.25,19.14,17.79,19.33,23.81,15.48,12.21,16.24,20.54,16.61,21.45,24.62,6.83,10.75,12.49,15.56,11.72,20.53,12.16,17.87,23.33,13.71,19.78,15.10,14.91,19.88,15.91,15.34,11.00,13.71,15.88,25.24,10.88,17.46,29.05,14.55,15.72,24.84,14.89,22.20,23.04,20.52,13.43,23.16,19.71,22.55,20.25,12.73,13.09,11.00,12.69,13.69,19.33,11.02,16.35,21.44,16.80,12.42,10.05,13.31,14.33,23.07,7.52,14.98,10.58,15.29,14.89,20.79,15.28,21.17
7	38163528	38164772	ACATATATACATATATAT	EPDR1(dist=171986),STARD3NL(dist=53075)	intergenic	4.60	HG02982:7.47	1.67,0.83,2.51,1.64,0.85,1.63,0.83,1.72,3.36,1.73,0.83,4.69,4.05,2.52,5.03,2.55,1.64,1.67,2.50,1.73,0.84,0.87,4.93,0.83,0.86,1.67,7.47,3.43,0.85,1.68,0.84,0.83,2.53,1.71
5	176232565	176233182	AAAG	LINC01574(dist=61643),UNC5A(dist=4378)	intergenic	4.15	HG02982:4.15	1.61,4.15,0.85
6	25263709	25263883	AG	LOC101928663(dist=2074),CARMIL1(dist=15719)	intergenic	4.15	HG02982:4.15	0.83,4.15
X	86126514	86127182	AAGATATATATATGG	DACH2(dist=38909),KLHL4(dist=645623)	intergenic	4.05	HG02982:4.15	1.67,4.15,1.69,2.52,2.49
8	90278292	90278961	AAAAG	MMP16(dist=938580),LOC101929709(dist=450666)	intergenic	3.97	HG02982:4.15	1.60,1.66,4.15,5.79,2.53
11	110800987	110802158	ATCGC	ARHGAP20(dist=217075),LINC02550(dist=160498)	intergenic	3.87	HG02982:13.28	1.66,0.81,9.16,13.28,0.86,9.10,4.93,3.34,0.84,12.37,18.30
11	29745711	29746790	AG	LINC02546(dist=93490),LINC01616(dist=254878)	intergenic	3.83	HG02982:9.13	2.45,2.45,3.26,2.49,0.83,0.83,0.83,5.01,1.67,0.80,2.51,0.84,1.66,2.55,0.82,1.64,4.07,0.80,1.64,3.41,0.85,3.46,2.47,1.60,3.34,3.25,2.42,1.68,4.84,1.69,3.40,1.73,3.27,3.35,1.65,0.81,4.29,4.20,2.52,1.68,3.40,2.60,6.86,0.83,2.48,1.61,1.69,0.83,0.81,0.85,4.19,4.94,2.83,0.86,4.99,5.02,1.68,1.70,1.64,5.02,3.44,4.16,1.63,2.50,3.45,2.52,5.72,0.84,1.61,2.69,2.61,3.48,3.28,3.26,4.07,2.56,4.93,3.32,6.01,3.28,2.56,0.83,1.67,2.59,5.86,2.46,4.86,0.85,1.67,1.65,3.36,0.83,4.14,2.36,1.71,4.18,0.87,1.67,2.62,9.13,2.57,1.65,8.57,0.83,2.47,2.56,2.46,5.04,1.72,1.71,2.51,4.22,4.24,3.49,0.85,2.54,2.57,2.52,2.54,4.09,0.82,1.68,2.33,2.50,2.53,5.13,1.67,2.37,4.07,0.85,3.31,4.99,6.79,4.23
7	40416182	40417150	AAAG	SUGCT	intronic	3.81	HG02982:22.41	1.67,0.84,0.83,15.15,6.58,8.15,0.80,5.10,0.79,4.23,5.89,15.24,13.28,0.81,4.72,18.41,1.70,4.19,8.69,9.57,3.28,0.82,0.85,9.51,22.41,1.65,19.52
9	138275991	138277673	AATGGCTAGG	C9orf62(dist=37587),PPP1R26-AS1(dist=76892)	intergenic	3.80	HG02982:29.05	11.43,9.79,2.44,1.66,0.83,4.16,1.66,5.83,8.35,7.52,3.19,5.01,10.89,4.99,11.06,1.68,3.29,4.93,10.59,3.22,9.03,10.24,11.11,14.71,7.40,6.41,2.50,4.06,4.84,5.05,3.87,9.28,7.66,1.73,6.54,8.39,4.95,8.14,5.52,2.54,8.15,6.01,3.36,4.20,5.04,4.25,15.61,9.43,19.05,13.23,4.02,4.95,5.08,6.61,7.81,15.40,7.69,9.23,11.73,7.42,11.33,7.77,3.36,4.16,21.76,9.23,3.41,4.11,6.70,8.42,4.30,0.83,0.82,5.83,5.18,2.45,4.21,4.03,6.27,2.61,5.22,1.62,8.06,5.75,4.07,8.96,3.42,3.29,1.66,2.57,10.67,3.42,6.62,1.67,6.05,2.51,2.46,8.92,0.85,7.50,5.14,13.19,15.94,20.71,7.45,25.95,10.23,14.15,7.71,7.52,18.28,8.37,13.09,29.05,19.69,9.10,11.99,7.45,15.62,11.95,11.49,3.36,10.29,3.43,10.02,14.35,16.13,6.98,2.54,32.98,17.11,21.01,10.17,26.17,15.67,9.24,23.29,21.77,1.66,18.54,14.53,8.36,17.35,27.66,5.10,21.51,6.65,4.24,6.77
7	11237369	11238845	AAGG	PHF14(dist=28125),THSD7A(dist=171147)	intergenic	3.65	HG02982:18.26	0.82,0.82,2.49,0.83,0.83,11.66,4.17,2.51,4.79,5.86,2.55,1.65,9.04,3.26,8.05,4.92,1.71,2.56,13.84,1.64,17.63,0.83,0.84,9.68,1.69,15.31,12.09,2.45,5.03,2.48,3.94,5.08,3.26,2.58,10.92,2.52,7.57,0.87,0.86,0.83,12.41,6.43,10.73,8.47,3.31,10.16,1.62,5.13,0.84,7.42,3.78,1.73,3.33,0.84,0.84,14.48,3.35,1.68,4.30,0.83,2.45,4.16,2.59,0.84,5.72,5.90,0.87,8.70,2.43,11.28,2.46,3.26,8.96,4.27,7.47,6.01,8.21,1.65,3.33,7.78,4.19,2.46,1.62,1.70,0.86,15.66,0.83,6.63,27.63,5.11,0.79,5.02,7.83,4.18,6.11,18.26,5.14,2.48,1.71,0.83,3.29,1.71,4.93,5.15,1.71,2.51,10.13,1.70,3.49,11.00,0.85,7.56,14.41,4.09,3.30,0.84,6.99,7.58,8.54,3.34,0.79,13.02,0.85,5.79,0.83
1	175299418	175300663	AAAG	TNR	intronic	3.65	HG02982:5.81	1.66,0.83,1.67,0.81,1.68,0.86,1.70,0.86,0.84,0.86,0.82,0.86,6.71,0.83,0.86,5.81,2.48,3.41,6.57,0.86,3.43,0.84,0.85,1.68,0.85,0.82,0.82,2.53,0.85,0.83,2.55,1.69
12	84947091	84948175	AAAAT	TMTC2(dist=1418447),SLC6A15(dist=305095)	intergenic	3.54	HG02982:6.64	0.85,5.03,0.87,6.64,0.84,2.57,3.40,4.23,0.85,4.09,11.72
4	38734512	38736181	ACC	KLF3(dist=31374),TLR10(dist=37678)	intergenic	3.44	HG02982:24.07	14.69,11.42,17.10,19.12,10.85,14.14,19.95,14.16,15.03,14.21,9.57,7.52,15.92,13.31,11.91,20.20,9.87,9.04,16.30,9.66,17.24,13.65,6.83,14.71,15.62,14.42,16.69,13.80,12.09,15.98,16.46,21.08,13.61,5.18,13.07,13.42,10.73,17.91,12.62,11.86,13.04,12.88,19.32,18.50,13.45,20.41,13.01,17.15,19.88,17.37,13.66,10.73,15.24,12.40,10.16,8.11,10.25,18.46,20.94,7.42,21.71,18.14,11.77,9.15,6.69,15.10,8.52,11.50,14.24,12.63,13.77,16.64,21.25,19.15,12.94,11.76,15.51,6.74,16.94,19.72,13.03,12.18,8.09,10.47,8.21,9.78,12.21,6.84,13.14,10.80,12.87,14.77,8.54,10.75,5.83,9.51,17.59,17.25,17.03,17.02,10.83,13.71,8.24,19.30,19.05,13.25,13.40,17.05,14.15,11.14,9.20,22.63,16.73,11.35,24.07,11.98,11.58,13.71,7.45,10.69,22.19,9.85,9.23,12.86,11.14,16.70,16.88,12.73,14.83,11.00,19.45,11.12,10.92,16.95,12.27,9.90,11.76,9.32,7.54,14.14,10.96,27.34,13.37,7.10,13.02,8.49,16.55,18.29,11.88,16.09
8	70363517	70365086	AAGAG	LINC01603(dist=3038),SULF1(dist=13773)	intergenic	3.41	HG02982:9.96	5.70,5.01,3.33,0.83,10.87,0.84,5.96,4.94,1.71,3.29,4.81,1.62,4.84,3.37,9.36,2.45,4.07,0.81,2.58,2.60,0.86,0.83,3.31,2.41,1.65,2.50,3.35,0.85,0.82,2.58,4.99,1.63,1.69,2.42,4.48,1.74,1.61,7.33,1.71,3.29,4.29,5.19,3.35,2.43,0.85,4.17,0.86,0.82,2.52,2.48,5.86,0.85,2.36,6.00,1.74,4.18,6.11,9.96,1.71,4.14,0.86,1.65,5.75,8.53,4.10,8.57,3.34,5.92,2.54,3.42,0.84,2.54,3.30,0.84,4.66,5.02,5.90,1.71,4.18,0.79,1.70,4.14,4.16,0.85,3.39
16	10296978	10297949	AAAG	GRIN2A(dist=20213),ATF7IP2(dist=181969)	intergenic	3.39	HG02982:4.15	0.82,0.81,0.83,0.84,0.85,0.84,1.65,1.66,3.35,0.82,0.83,0.79,0.84,4.15
21	43113638	43114862	ATCC	LINC00111	ncRNA_intronic	3.35	HG02982:13.28	5.71,1.63,1.63,4.16,5.84,7.49,5.82,4.16,5.84,3.34,6.38,4.18,7.54,1.66,9.36,3.37,8.23,4.11,8.15,6.44,6.57,7.68,5.13,6.06,4.11,7.21,4.17,2.43,3.22,7.57,6.78,8.43,8.51,2.59,2.45,5.87,3.30,7.33,4.73,7.62,4.07,6.01,5.88,5.04,10.09,5.95,0.87,12.00,7.46,5.79,3.21,1.65,2.54,6.61,3.13,5.67,5.13,5.03,7.54,4.12,3.78,8.64,4.20,6.65,6.69,5.03,8.52,3.29,5.02,4.21,6.02,4.99,3.27,9.16,5.18,4.20,4.90,2.53,2.42,6.27,7.82,3.48,7.28,6.44,8.21,4.89,0.81,2.56,2.46,11.63,8.58,6.56,2.56,5.79,1.67,2.59,7.54,3.29,7.30,6.81,6.66,9.43,7.42,5.87,9.11,4.97,4.19,7.67,3.93,8.57,5.85,6.09,2.51,7.86,13.28,6.85,6.62,11.14,3.31,7.40,8.53,11.49,5.04,1.72,8.57,4.18,5.91,7.64,8.72,7.61,3.38,9.41,10.08,11.02,5.72,4.95,5.88,4.66,7.54,5.82,2.53,10.25,8.36,2.37,6.51,5.10,4.96,5.82,8.49,6.77
18	24172674	24173855	AGG	KCTD1	intronic	3.35	HG02982:5.81	0.82,1.66,0.83,2.51,1.60,2.51,1.68,1.66,0.85,0.82,0.81,0.85,0.87,2.47,1.68,2.55,0.86,1.68,1.65,1.58,1.68,0.84,1.68,0.87,0.86,1.66,1.65,0.80,0.83,2.48,2.34,0.81,1.71,1.68,1.68,0.82,1.89,3.36,0.84,0.84,0.82,1.67,0.86,0.81,0.90,0.87,0.87,0.81,1.64,0.81,0.85,0.85,0.83,2.50,0.85,0.82,0.84,0.83,1.57,0.84,5.81,0.86,2.57,0.82,2.56,1.68,0.86,2.51,0.84,1.70,0.86,1.64,1.66,0.84,0.85,0.84,0.79,0.81,1.70,1.65,3.33,1.70,0.85
11	44095776	44096743	AAAG	ACCS	exonic	3.32	HG02982:4.15	2.47,1.71,0.84,4.15,0.86,4.11,1.68,0.82,0.78,1.67,0.83
X	29820986	29821755	ACACATATGTATACATGTAT	IL1RAPL1	intronic	3.32	HG02982:3.32	3.32,16.27
20	19904890	19905077	AAGGTGGGGGTATG	RIN2	intronic	3.32	HG02982:3.32	3.32,0.86,0.85
17	77241346	77241448	ACCCCCACTGCCGCCGCCC	RBFOX3	intronic	3.32	HG02982:3.32	3.32
6	38009082	38009208	AAGGAG	ZFAND3	intronic	3.32	HG02982:3.32	3.32
10	49862878	49863576	AAGAG	ARHGAP22	intronic	3.32	HG02982:3.32	0.84,3.32
11	39463841	39464217	ACTATATATATAGAT	LINC01493(dist=787042),LRRC4C(dist=671534)	intergenic	3.32	HG02982:3.32	0.84,0.79,3.32,0.84
21	34349585	34350056	AC	LINC01690(dist=16713),OLIG2(dist=48187)	intergenic	3.27	HG02982:4.15	0.83,0.83,0.80,0.82,0.87,0.81,0.84,0.85,0.84,0.84,0.84,1.71,0.84,0.86,0.84,0.86,0.83,0.86,0.84,0.83,0.86,0.83,0.79,4.15,0.83,0.82,0.85,1.69,1.66
14	25598640	25599469	ACTATATATATATG	STXBP6(dist=79137),NOVA1(dist=1312827)	intergenic	3.24	HG02982:3.32	2.52,3.43,1.67,3.32
1	216527930	216529083	AAAG	USH2A	intronic	3.21	HG02982:5.81	0.80,5.72,4.96,0.78,7.35,0.86,4.86,5.81,0.86,2.56,3.15
16	427731	428684	ACCCGCACTGCCATCCCC	TMEM8A	exonic	3.15	HG02982:4.15	0.80,0.80,0.79,1.72,0.84,0.83,0.83,0.86,0.81,0.90,1.65,4.15,0.82,0.85,0.84,1.64,1.66,1.71,0.79
14	25598532	25599323	AATATATATATATG	STXBP6(dist=79029),NOVA1(dist=1312973)	intergenic	3.15	HG02982:3.32	2.53,0.84,2.57,3.35,3.32
13	114795336	114796372	AAGACTCACACAGAGGGC	RASA3	exonic	3.14	HG02982:4.98	1.68,0.81,0.83,2.45,1.61,0.90,0.82,0.81,1.72,1.71,1.70,0.83,0.86,0.84,0.86,1.75,4.98,0.83,1.69,1.70,1.69,1.69,0.82,0.82,1.68,1.55,5.82,0.85,1.58,3.25,13.59,1.65
1	102019513	102020102	AATATATATGTATATAT	LINC01307(dist=176644),OLFM3(dist=248021)	intergenic	3.07	HG02982:5.81	1.63,0.83,0.83,1.66,2.50,0.84,1.60,1.68,0.85,1.68,0.82,0.82,3.46,3.29,2.55,0.79,2.58,0.84,0.84,0.87,2.41,0.83,0.85,4.69,0.81,0.84,0.82,1.70,3.35,1.68,2.58,0.82,0.84,0.87,0.81,0.81,0.86,0.82,4.32,0.84,2.48,1.66,0.79,3.43,0.87,0.84,5.81,0.86,1.65,0.86,0.83,0.82,0.85,0.87,2.54,1.68,1.69,1.65,2.55,0.85,0.85
6	56124916	56125718	AAG	COL21A1	intronic	2.99	HG02982:4.15	0.86,4.15,6.62,2.54,5.88,6.69,2.55
9	8929253	8929989	ACACATATATATAT	PTPRD	intronic	2.92	HG02982:4.15	0.83,1.68,0.78,4.05,1.68,6.11,4.15,0.82,3.30,3.40,0.83,1.69
8	39852029	39853269	AAGGAG	IDO2	intronic	2.91	HG02982:4.15	0.83,0.83,1.73,1.61,0.84,1.73,0.84,0.84,1.72,0.83,0.90,2.46,0.86,1.67,0.86,0.84,1.57,0.86,4.15,0.85,0.84
4	173942729	173943597	AAAGAAGGAAGGAAGGAAGG	GALNTL6	exonic	2.86	HG02982:4.15	0.81,0.83,0.83,0.83,1.68,0.86,0.84,0.90,0.87,0.81,0.83,0.81,0.82,0.79,1.75,4.15,0.83,2.54,0.84,5.88,6.84,0.81,4.24
17	40489447	40489880	AAGGAGTATTCCCTCAGGTC	STAT3	exonic	2.81	HG02982:4.98	0.83,0.83,0.83,1.64,0.80,0.87,2.47,2.40,1.62,0.97,0.83,0.81,1.73,0.83,0.85,5.47,0.81,1.68,0.84,0.84,0.83,0.84,0.85,0.84,0.82,0.81,0.86,0.85,0.83,1.62,0.83,3.35,1.75,4.98,0.83,2.52,2.57,2.55,1.74,0.85,0.85,2.51,0.79,1.70,0.85
9	16539067	16540365	AAAGG	BNC2	intronic	2.77	HG02982:7.47	0.83,0.81,0.84,0.85,0.82,1.58,3.43,0.85,0.80,1.68,0.82,0.83,0.82,1.63,0.84,0.81,0.86,3.31,4.19,5.14,7.47,5.91,5.08,8.43,7.32
5	175801608	175802686	ATCC	ARL10(NM_173664:c.*2710_*3788delins0)	UTR3	2.73	HG02982:4.15	0.83,0.83,0.84,1.70,0.84,0.82,2.56,0.81,0.86,1.63,0.79,0.86,0.85,0.87,1.71,0.83,0.85,0.83,0.85,0.86,1.67,0.81,0.85,0.84,0.85,0.82,1.74,4.15,0.84,0.84,0.85,2.54,0.85,0.86,0.84,1.67,0.83,0.85,0.85
20	58542288	58543514	AAAG	CDH26	intronic	2.73	HG02982:4.15	0.81,0.83,0.82,0.82,0.87,0.82,2.52,0.85,0.84,0.85,0.86,0.83,0.94,0.84,0.82,2.43,1.70,2.51,0.87,4.15,0.83,1.68,0.84,1.55,2.51,1.63,0.83,0.85
1	3500329	3500876	AACCCGCAGCCACCAGAC	MEGF6	intronic	2.68	HG02982:6.64	0.81,0.83,0.83,1.67,4.17,0.84,2.39,0.84,2.51,1.66,0.85,0.84,0.82,2.47,0.82,1.71,0.87,3.29,0.83,3.36,0.97,0.84,0.85,1.73,0.82,1.68,1.65,4.07,1.58,1.69,1.63,1.68,2.52,0.85,0.87,1.71,3.31,1.65,1.65,0.83,0.78,0.81,0.85,1.68,1.68,1.89,1.73,0.83,1.67,1.67,2.58,1.66,1.67,2.59,0.84,2.45,2.53,4.03,2.61,1.62,1.64,1.63,1.63,0.86,0.85,2.48,1.67,1.67,1.70,4.28,1.68,2.48,0.84,0.85,0.79,0.87,4.18,1.75,6.64,3.42,1.65,3.43,1.64,1.64,4.20,3.43,0.86,2.51,1.69,0.87,1.69,0.85,7.63,2.45,1.68,2.33,4.19,1.66,0.84,1.71,10.25,0.81,0.85,1.65,1.66,0.85
18	74068574	74069999	ACCCAGCGGAGAGTGGCGT	ZNF516(NM_014643:c.*4816_*4454delins0)	UTR3	2.64	HG02982:9.13	1.63,1.63,0.83,0.83,1.66,5.82,1.67,1.67,6.69,2.55,0.84,3.29,0.82,1.61,0.82,1.71,2.56,2.60,6.58,1.60,2.50,1.62,2.42,1.94,1.69,2.45,5.03,1.65,0.85,1.63,3.36,4.20,0.85,1.73,1.71,0.83,1.65,1.61,0.83,3.39,1.65,1.56,5.13,2.52,2.51,2.47,2.83,1.73,0.83,0.84,2.46,2.51,0.84,4.16,4.20,3.27,0.84,0.90,1.74,2.43,0.81,0.82,1.63,0.85,1.64,2.49,0.82,0.85,2.50,1.73,2.51,1.64,1.62,1.70,1.65,9.23,4.14,3.35,3.41,0.79,2.57,5.22,1.67,2.62,9.13,1.71,2.57,4.96,17.26,6.57,3.36,2.51,2.55,1.74,0.85,5.99,0.84,4.09,3.30,2.52,0.78,1.66,6.84,7.10,0.81,6.79,19.03,4.99,1.69
18	70874803	70875250	AAACATATATGTGTG	LOC400655	ncRNA_intronic	2.61	HG02982:5.81	2.90,0.81,0.84,1.68,5.96,3.33,3.30,1.66,2.51,4.18,5.81,0.83,6.62,1.64,5.12,2.52,0.85,2.52,3.30,1.68,0.84,2.50
Y	13447749	13449600	AATGGAGTGGAGTGGAGTGG	NONE(dist=NONE),GYG2P1(dist=1068315)	intergenic	2.52	HG02982:14.11	7.35,3.26,7.33,5.82,5.84,12.48,8.31,8.33,9.18,5.85,4.79,3.34,12.56,4.99,12.76,7.57,6.58,7.40,7.33,6.44,9.03,9.39,8.54,10.38,4.11,7.21,8.35,7.30,6.45,9.25,12.59,4.22,4.25,3.46,3.27,3.35,4.13,5.70,6.31,9.32,2.44,4.29,4.20,5.89,3.36,3.40,7.80,6.00,4.97,5.79,13.66,11.56,4.23,6.61,2.34,8.92,2.56,4.19,10.89,4.12,6.61,8.64,4.20,0.83,12.55,5.87,9.37,7.39,10.05,10.11,6.88,6.66,2.45,7.49,5.18,4.20,10.62,5.06,4.84,7.17,4.34,8.70,5.66,4.83,5.75,5.70,5.70,4.27,6.57,1.66,2.57,7.39,3.42,6.62,5.83,3.46,5.86,9.86,10.54,8.51,6.66,7.71,7.42,5.03,4.14,7.45,3.35,5.11,6.29,5.14,5.02,10.45,6.69,3.49,14.11,1.71,5.79,6.00,6.62,7.40,2.56,7.39,3.36,5.15,3.43,5.01,6.75,4.24,7.85,8.46,6.77,6.85,3.36,5.08,10.63,0.82,7.56,10.09,4.19,9.15,3.37,5.98,6.69,2.37,13.02,0.85,3.31,4.99,2.55,8.47
4	37605793	37607161	AC	RELL1	intronic	2.49	HG02982:9.13	4.90,3.26,4.89,1.66,3.34,3.33,0.83,3.34,7.52,7.18,5.85,5.86,4.99,3.40,0.84,0.82,5.75,5.70,4.83,4.10,6.83,3.42,2.60,2.47,4.01,0.83,2.43,3.22,4.21,1.94,2.53,1.70,4.32,2.45,0.84,4.13,3.26,2.37,1.69,3.26,5.15,3.36,5.89,1.70,1.73,2.57,3.31,2.48,5.63,4.13,8.47,2.48,3.13,2.43,3.42,3.36,0.84,3.30,2.83,5.18,1.68,4.16,6.69,2.52,3.41,3.29,5.86,1.68,6.88,1.66,4.09,0.83,4.31,0.84,2.42,4.48,2.61,3.48,5.66,2.42,3.28,0.81,2.44,1.71,3.32,6.01,3.42,0.83,2.50,4.32,0.84,1.70,2.50,6.86,6.59,1.68,3.31,2.48,2.51,4.26,4.72,3.43,5.02,3.48,1.67,3.49,9.13,6.62,3.43,2.48,5.75,2.56,4.10,3.36,4.29,3.43,1.67,1.69,1.70,2.62,1.69,3.38,1.71,0.84,2.54,1.64,6.60,1.68,2.33,5.02,1.66,2.53,4.27,6.69,3.15,3.25,4.25,5.79,6.65,3.39,3.39
4	112963693	112964239	AT	MIR297(dist=1181890),FAM241A(dist=102371)	intergenic	2.49	HG02982:2.49	2.49,0.83
X	148959541	148959542	AG	LINC00850	ncRNA_intronic	2.49	HG02982:2.49	2.49
7	125588067	125588276	AAAG	LOC101928283(dist=568692),GRM8(dist=490376)	intergenic	2.48	HG02982:2.49	1.71,2.49,0.81
7	140173867	140174262	AAAG	MKRN1	splicing	2.47	HG02982:2.49	0.86,6.86,2.49
18	63559571	63559967	AAAG	CDH7(dist=1999),CDH19(dist=608355)	intergenic	2.46	HG02982:4.15	0.81,0.85,0.85,0.86,0.82,0.83,0.84,0.85,0.80,0.83,0.81,1.68,0.85,0.83,0.82,0.83,0.85,0.81,0.83,1.68,0.83,1.66,0.86,0.87,4.15,3.43,0.83,0.82,0.86,1.71,0.84,0.85,1.69,1.68,2.54,0.82,3.36,0.83,0.85,3.94,1.69
21	42938863	42939703	ATCC	TMPRSS2(dist=58778),LINC00111(dist=159759)	intergenic	2.42	HG02982:3.32	0.83,0.84,0.82,0.81,0.97,0.85,0.86,0.83,0.84,0.84,0.86,0.85,0.85,0.86,1.67,0.87,3.32,0.85,0.86,0.85,0.85,1.65,1.69
2	201073338	201073981	AC	MAIP1(dist=244498),SPATS2L(dist=96621)	intergenic	2.41	HG02982:4.15	0.82,0.83,0.83,0.83,0.83,1.67,1.70,0.82,0.81,0.85,2.47,0.83,0.81,0.84,0.97,1.69,0.86,0.84,0.85,0.81,1.68,1.68,1.70,0.87,1.65,0.83,0.85,1.56,0.85,2.52,2.51,0.84,0.84,0.86,0.81,1.71,1.72,1.64,0.83,1.73,0.84,0.82,0.85,0.84,0.83,0.84,0.85,4.15,0.85,0.82,0.84,0.84,0.87,0.82,0.82,0.84,0.83,1.63,0.85
3	140601360	140602760	AAAG	TRIM42(dist=181368),SLC25A36(dist=57918)	intergenic	2.24	HG02982:5.81	0.82,2.44,1.67,0.83,2.49,0.83,0.83,3.34,0.80,0.83,1.65,0.85,0.80,0.83,2.52,0.97,2.59,0.82,3.35,2.44,4.07,6.01,0.84,1.68,0.87,0.86,1.66,2.48,3.21,0.83,1.69,0.81,0.84,0.84,2.52,0.83,3.29,2.58,2.50,1.63,1.67,6.90,0.82,1.69,1.61,6.27,0.87,5.22,2.43,1.64,1.63,4.93,0.82,0.86,0.84,1.71,0.83,0.84,1.75,5.81,0.86,0.83,0.84,1.74,2.52,0.85,0.78,1.71,1.67,2.37,0.83,0.83
10	126145208	126146173	AG	NKX1-2(dist=6604),LHPP(dist=4219)	intergenic	2.24	HG02982:3.32	0.81,0.83,5.82,1.67,0.80,0.84,1.68,0.82,0.84,0.85,0.84,0.84,2.59,0.90,0.82,0.83,0.84,0.86,0.84,0.87,3.32,0.82,0.86,1.69,0.82,0.83,0.85,0.85
15	84342714	84344089	ACACACATATATACATATAT	ADAMTSL3	intronic	2.20	HG02982:5.81	0.82,0.81,1.66,0.83,0.83,2.50,4.18,4.79,2.50,1.70,1.68,3.29,0.81,3.22,0.85,0.85,2.60,0.83,0.81,2.42,0.84,1.94,1.69,0.86,0.82,2.52,1.63,1.72,1.68,0.84,1.68,1.70,0.87,2.49,1.65,0.80,4.13,1.56,2.43,0.84,0.84,1.89,1.68,1.67,0.82,0.84,2.45,0.84,1.61,1.74,1.61,0.82,3.26,4.07,2.56,0.83,0.86,0.82,0.83,0.86,0.84,1.64,0.81,1.70,0.83,3.43,5.77,1.66,0.84,0.85,2.61,5.81,0.86,3.31,0.82,0.85,0.85,4.23,0.86,2.52,4.91,0.84,0.84,1.71,2.51,0.85,0.83,1.66,0.85
7	102799924	102801486	AAGGGCACTGGGGAATGGTG	NAPEPLD(dist=10378),DPY19L2P2(dist=13976)	intergenic	2.19	HG02982:4.15	0.83,0.85,0.83,0.85,1.67,3.43,0.82,1.67,1.70,2.57,0.84,0.87,4.15,1.65,0.86,3.31,4.18,0.85,0.85,0.85,2.54,1.64,3.36,1.63,0.85,1.65,0.83,0.85
17	11597553	11598998	AAAG	DNAH9	exonic	2.19	HG02982:3.32	0.82,0.84,0.85,0.81,0.84,0.87,0.83,0.85,0.82,1.67,0.84,0.87,2.43,0.81,1.71,0.86,1.62,1.66,2.51,3.32,0.86,0.83,0.86,0.83,0.82,0.84
10	29414152	29415003	AAAG	C10orf126(dist=243326),LYZL1(dist=162996)	intergenic	2.15	HG02982:2.49	6.72,10.43,0.81,0.83,2.49,4.99
4	12422663	12423016	AAGG	LINC02270(dist=169754),RAB28(dist=946331)	intergenic	2.13	HG02982:2.49	2.49,0.86,1.70,1.65,0.84,1.69,0.85
17	41394242	41394953	AGG	CCDC200(dist=13595),LINC00910(dist=52260)	intergenic	2.09	HG02982:4.15	0.82,0.80,1.70,0.81,2.41,0.82,1.71,0.85,0.81,1.72,1.68,0.85,0.87,2.48,0.80,0.83,1.71,0.84,0.84,0.82,0.85,2.46,2.51,0.83,1.73,1.68,0.84,0.81,3.26,0.86,0.86,2.51,0.87,4.15,0.86,3.31
X	59998	60462	AACCCTCACCCTCACCCT	NONE(dist=NONE),PLCXD1(dist=132561)	intergenic	2.04	HG02982:4.98	0.84,1.70,0.83,0.84,3.35,2.43,0.83,3.30,4.19,5.85,4.98,0.83,1.71,3.31,5.94,0.85,0.86,3.39,0.78,16.27,1.65,2.49
7	98414447	98415652	AC	NPTX2(dist=155266),TMEM130(dist=28461)	intergenic	2.03	HG02982:4.15	0.83,0.83,3.33,0.83,0.84,0.80,0.84,2.47,0.80,1.71,1.73,0.82,0.80,1.68,3.40,1.63,0.79,1.63,0.85,0.83,0.83,1.69,1.65,1.56,0.84,0.84,1.70,1.67,2.58,0.83,0.83,0.86,0.90,0.87,0.81,0.82,1.63,0.81,0.82,2.56,1.65,0.83,0.82,0.81,0.84,2.51,0.85,0.79,2.51,4.15,1.71,1.65,0.86,0.85,0.84,0.86,0.85,1.69,0.85,0.83,0.84,0.81,0.85,0.83
14	73266786	73267542	ATCC	DPF3	intronic	2.03	HG02982:3.32	0.83,0.83,0.83,0.85,0.87,0.84,1.94,0.85,0.84,0.83,0.85,0.84,0.84,1.67,1.70,0.84,0.86,0.83,0.84,0.81,0.86,0.82,0.84,0.83,3.35,0.84,3.32,0.86,1.71,1.68,0.86,0.86,0.84,0.85,0.85,1.69,0.86,0.85,0.82,0.85,0.79
19	8249454	8250533	AAAAG	FBN3(dist=34978),CERS4(dist=23721)	intergenic	2.02	HG02982:14.94	15.24,7.42,4.19,14.94,7.71,13.24,13.72,24.22,16.63
1	2390284	2391471	AAGGAGGACCACCGGC	PEX10(dist=46274),PLCH2(dist=7419)	intergenic	2.02	HG02982:4.15	0.82,0.84,0.80,0.80,0.80,0.84,0.85,1.69,1.73,0.86,1.65,0.83,0.85,0.83,0.84,0.84,2.51,1.68,0.86,0.83,0.82,0.87,0.82,0.82,0.85,1.67,0.86,0.84,1.64,0.81,4.14,0.83,1.67,1.70,0.84,0.84,0.87,4.15,0.86,0.83,0.86,0.84,0.86,0.86,2.51,1.69,2.54,2.54,3.30,0.85,3.94,1.63,1.65,0.85,0.85
7	158440692	158442222	AAATGGACTACAACCACGGC	NCAPG2	intronic	1.96	HG02982:18.26	10.61,9.77,4.16,8.35,4.16,3.33,5.01,13.37,3.19,7.52,19.27,6.66,4.25,6.73,19.74,4.93,15.48,4.02,7.39,11.95,19.65,16.44,0.82,10.42,13.35,12.99,2.42,3.36,12.59,7.59,8.51,10.37,6.54,9.22,13.20,12.21,7.10,11.01,4.89,7.73,15.12,15.13,8.41,16.16,7.72,9.94,9.10,19.29,8.26,0.85,0.83,9.38,3.24,10.25,1.68,10.05,6.59,10.38,6.91,7.57,12.48,17.57,4.19,0.85,7.39,14.24,6.74,4.30,12.48,10.62,3.33,12.08,7.56,8.17,4.21,8.88,7.17,7.82,6.09,15.36,9.67,3.28,11.41,9.77,9.40,7.39,9.14,6.01,12.31,5.98,7.44,1.67,6.05,8.37,8.21,8.92,3.40,6.66,7.71,6.59,2.52,7.45,4.14,6.70,5.50,6.86,7.52,4.35,7.53,18.26,13.69,6.62,7.45,11.51,3.41,2.46,1.68,1.72,10.28,11.69,2.53,6.79,13.09,11.84,9.30,9.41,2.52,16.95,2.47,9.24,5.43,5.02,12.48,9.27,4.27,9.19,7.10,4.07,4.25,3.31,2.49,8.47
3	9341496	9342435	ACC	SRGAP3-AS4(dist=42305),THUMPD3(dist=62303)	intergenic	1.93	HG02982:10.79	3.27,2.45,11.40,4.16,3.34,6.66,2.49,4.16,5.84,5.01,6.38,5.85,5.86,2.50,5.11,6.73,0.82,8.22,3.26,9.66,4.10,5.12,8.54,2.60,6.58,3.20,6.68,8.12,1.61,7.57,1.94,5.06,8.51,1.73,4.90,4.19,6.60,4.07,6.31,6.77,6.52,5.15,4.20,9.25,2.52,3.40,3.47,2.57,6.63,3.31,7.23,3.30,5.93,2.48,3.13,7.30,4.27,4.19,5.86,4.94,6.61,1.73,5.04,5.82,1.67,4.19,5.11,3.29,6.70,6.74,8.61,7.49,8.17,2.50,6.90,6.72,0.82,4.21,8.88,3.58,4.34,7.83,6.47,4.83,4.93,2.44,9.77,7.69,3.29,4.15,0.86,4.10,4.27,5.79,4.16,6.92,7.54,3.29,4.05,3.40,4.17,3.43,7.42,6.71,4.14,8.28,4.19,2.56,7.86,6.00,4.18,5.22,5.02,4.36,10.79,5.99,7.45,10.28,3.31,8.22,3.41,5.75,5.88,2.57,7.71,2.51,3.38,7.64,7.85,3.38,6.77,0.86,2.52,9.32,7.36,2.47,2.52,4.66,2.51,3.33,1.69,2.56,5.01,3.94,7.32,2.55,4.14,8.31,5.09,5.08
8	57239684	57240836	AAATATATATAT	SDR16C5(dist=6349),SDR16C6P(dist=46441)	intergenic	1.90	HG02982:5.81	0.83,0.83,0.83,2.51,0.83,2.55,1.68,0.81,0.85,3.25,2.53,3.35,0.79,0.85,0.83,0.85,0.83,0.84,2.59,0.87,0.83,3.33,2.57,3.30,3.31,2.48,4.72,0.86,2.61,0.87,5.81,3.31,3.43,2.48,2.47,3.41,8.39,2.57,0.84,5.09,4.36,5.07,1.71,1.64,3.30,2.52,0.78,0.84,3.33,3.37,1.71,1.67,1.58,4.88,4.25,2.55
6	24220582	24221535	ACTCTCTCGCTCGCTCGCTC	DCDC2	intronic	1.89	HG02982:3.32	0.84,1.66,3.36,1.67,3.32,0.83,1.72,1.68,1.65,6.69,3.25,1.65,0.85
1	67301588	67302374	AAAG	WDR78	intronic	1.88	HG02982:2.49	0.82,0.83,0.81,0.85,0.85,0.86,2.49,0.84,0.78,0.83
5	180062518	180062669	ATCC	FLT4	intronic	1.87	HG02982:4.98	0.82,0.82,1.63,1.66,0.83,0.83,1.66,1.67,1.67,0.80,2.51,1.68,0.83,1.70,0.84,1.65,2.47,0.81,3.22,0.85,0.85,2.60,1.64,1.60,2.50,0.81,0.81,0.84,1.94,5.06,1.70,2.59,1.63,0.84,0.85,3.26,0.86,2.52,1.68,0.84,0.85,0.83,1.61,1.65,2.54,1.62,1.71,2.51,0.82,0.83,1.67,2.52,0.85,4.11,2.53,1.72,1.63,1.67,0.86,1.68,0.82,0.84,1.61,1.74,0.87,1.62,0.81,1.64,1.63,2.44,2.46,2.49,3.43,1.64,1.71,1.65,1.67,1.73,2.51,0.81,1.70,0.83,0.86,1.65,2.52,2.48,0.83,1.67,0.79,2.57,1.74,1.67,4.98,0.86,2.48,3.43,2.47,5.12,2.46,2.57,1.71,2.51,1.69,1.70,1.69,0.86,0.84,0.82,1.65,0.84,2.33,3.35,1.66,1.69,1.71,0.79,0.85,1.65,0.83,1.70,0.85
17	38296245	38297082	AC	CASC3	exonic	1.82	HG02982:2.49	0.85,1.68,0.81,1.66,0.83,2.49,0.86,0.82,1.67,0.85
22	28091080	28092169	AAAG	LINC02554(dist=377279),MN1(dist=52096)	intergenic	1.81	HG02982:4.15	1.67,2.50,0.83,1.60,0.83,1.61,1.70,0.82,2.52,0.79,2.44,0.84,2.52,4.29,0.83,0.84,0.84,1.73,0.84,0.82,0.84,0.81,1.79,1.71,0.86,0.84,0.86,0.84,2.48,0.83,2.56,2.62,4.15,2.52,1.71,0.84
10	102080971	102081995	AAAG	PKD2L1	intronic	1.79	HG02982:2.49	0.85,0.87,0.86,0.85,2.49,1.65,0.84,4.09,0.84,7.32,0.83
12	76515773	76516835	AAGCATATATATG	NAP1L1(dist=37308),LNCOG(dist=136828)	intergenic	1.74	HG02982:18.26	11.43,14.69,3.26,9.98,10.85,6.66,5.82,5.00,8.35,6.69,11.17,1.67,7.54,2.50,4.25,9.26,6.58,4.11,10.59,20.12,5.75,6.83,5.98,4.33,13.97,11.22,10.85,3.25,9.67,5.89,6.78,10.12,13.61,12.09,7.35,6.71,11.55,6.51,5.52,2.54,5.70,8.59,13.44,5.04,14.29,5.95,7.80,4.29,2.49,11.58,2.41,0.83,4.23,7.44,5.47,20.27,9.40,18.46,4.19,3.30,11.33,5.18,10.93,10.81,1.67,2.52,2.55,10.68,1.67,4.21,8.61,4.99,4.90,14.99,6.90,5.88,6.53,8.43,9.68,3.58,6.95,6.09,8.09,8.06,12.32,13.04,8.14,8.54,6.57,8.30,6.86,9.03,10.25,8.27,10.82,12.97,11.72,5.75,7.30,7.66,6.66,1.71,10.71,7.55,6.63,2.48,2.51,10.23,13.36,5.14,10.87,6.09,9.20,6.11,18.26,5.14,0.83,8.57,13.24,23.84,9.39,18.06,4.20,7.72,1.71,2.51,8.44,3.40,4.36,8.46,4.23,6.85,1.68,11.02,3.27,6.60,4.20,10.09,0.84,7.49,10.11,1.71,0.84,3.15,18.71,0.85,9.10,5.82,5.94,5.93
22	43828447	43829491	AAAGGGAGGAGAGAGAGAG	MPPED1	intronic	1.74	HG02982:4.98	0.82,2.45,1.63,4.16,0.83,0.83,2.50,0.80,4.18,4.19,3.40,0.81,3.42,0.82,0.80,0.83,2.43,0.81,1.68,0.83,1.63,1.58,0.85,0.83,2.54,3.13,1.65,1.89,0.84,1.66,0.84,0.84,0.85,2.51,0.84,1.69,0.87,1.64,0.85,1.64,0.82,1.67,1.73,1.67,2.46,0.83,0.83,1.66,0.84,1.74,4.18,1.75,4.98,0.86,0.83,0.84,0.87,0.86,0.85,0.82,0.82,1.68,0.78,5.90,0.85,0.84,1.58,3.31,1.66
10	127385542	127386506	AAAG	LOC283038	ncRNA_intronic	1.74	HG02982:4.15	0.83,0.83,0.84,0.84,3.28,0.82,0.81,1.68,2.55,0.81,0.86,0.80,0.84,2.46,0.86,0.90,0.87,1.61,0.83,2.59,0.81,0.83,0.86,2.52,1.66,0.85,2.57,5.22,0.87,4.15,1.65,2.56,1.69,0.82,0.84,0.79,0.81,1.65,5.82,0.85
5	30358281	30359427	AAAG	LOC105374704(dist=476071),CDH6(dist=834366)	intergenic	1.74	HG02982:3.32	0.81,1.66,0.83,0.84,0.80,0.84,1.68,1.66,0.82,0.81,0.85,3.46,0.82,1.67,0.81,0.84,0.83,0.85,0.81,0.84,0.84,0.82,1.68,0.83,2.46,0.84,0.83,0.81,0.82,1.64,0.83,0.85,1.67,0.82,0.84,0.84,0.79,0.86,0.87,0.84,3.32,0.83,0.82,1.74,0.86,0.84,0.84,1.67,1.58,0.81,0.85,0.83
19	6995307	6995836	ACCACCACCACCGCC	ADGRE4P(dist=4450),FLJ25758(dist=9128)	intergenic	1.74	HG02982:2.49	0.83,0.80,0.84,0.83,0.82,0.87,1.64,0.82,0.81,0.84,2.49,0.85
14	106146155	106146248	AGGGGC	ELK2AP(dist=7011),MIR4507(dist=178045)	intergenic	1.73	HG02982:2.49	1.67,0.85,4.72,0.86,2.49,0.86,0.85,1.64,0.84,0.85,2.45
10	108009872	108011101	ACACACATATCTATATGT	LINC02624(dist=61392),SORCS1(dist=322320)	intergenic	1.70	HG02982:5.81	1.63,1.66,1.66,0.83,0.83,0.84,1.60,1.67,4.99,0.85,2.47,0.80,0.85,0.87,1.64,8.12,6.73,2.90,1.69,2.59,1.63,1.65,0.81,0.79,0.85,2.52,1.68,2.48,2.41,2.48,0.83,0.78,2.43,2.52,1.73,0.84,1.67,1.67,2.53,1.66,1.67,0.84,4.03,4.48,2.43,2.46,4.89,0.85,0.83,0.82,0.83,2.46,0.83,1.71,2.51,5.86,0.87,5.81,0.86,1.65,0.86,1.64,5.97,0.82,0.86,0.84,2.62,0.85,0.85,0.86,3.36,2.52,0.83,1.71,1.63,0.85,0.83,0.85,0.85
Y	13800476	13803785	AATGG	NONE(dist=NONE),GYG2P1(dist=714130)	intergenic	1.68	HG02982:4.98	0.82,3.26,0.83,3.34,1.67,0.84,2.50,1.70,0.84,1.63,0.82,0.85,1.71,3.46,0.80,1.67,1.61,1.68,1.94,3.40,0.83,0.81,0.85,1.68,0.84,1.73,1.66,3.31,2.41,0.83,0.85,0.83,1.68,1.65,1.73,0.84,3.35,2.52,0.82,1.72,4.09,4.31,0.84,2.53,0.81,2.61,1.62,0.81,1.64,1.63,0.81,2.56,1.64,0.83,0.86,0.82,0.83,1.67,2.51,0.82,3.24,3.33,1.71,0.82,0.84,0.83,0.83,3.35,1.71,1.67,1.74,4.98,0.86,3.31,0.86,0.83,0.82,2.56,0.82,0.86,1.67,1.69,3.49,1.69,1.71,0.82,0.82,1.68,0.78,1.67,1.63,0.85,1.65,0.83,0.85
X	721454	722455	AAGGAGGAGGAGGAG	SHOX(dist=101308),CRLF2(dist=592439)	intergenic	1.68	HG02982:2.49	0.84,0.87,0.84,0.83,0.84,0.83,0.79,2.49,0.82,0.84,0.84,0.84,1.64,0.81
18	56240024	56240965	ACACATATATACATATAT	ALPK2	intronic	1.66	HG02982:2.49	0.84,0.84,1.73,0.83,0.81,0.85,0.87,2.49,1.65,0.86,0.85,0.82,0.84,0.81,0.85
14	63896753	63897369	ACATACATACATACATGCAT	PPP2R5E	intronic	1.66	HG02982:1.66	1.67,1.66
11	3324443	3324829	ACCTGCATCCT	MRGPRE(dist=70796),ZNF195(dist=54328)	intergenic	1.66	HG02982:1.66	1.66,1.66
19	52593912	52594071	AAAG	ZNF841	intronic	1.66	HG02982:1.66	1.66,0.85
X	86126506	86126705	AATGTATATATATGG	DACH2(dist=38901),KLHL4(dist=646100)	intergenic	1.66	HG02982:1.66	1.66,0.84
1	101719722	101719723	AAATATATAT	S1PR1(dist=12646),LINC01307(dist=69670)	intergenic	1.66	HG02982:1.66	1.66
12	73493256	73493472	AAGG	TRHDE(dist=433834),LINC02444(dist=59498)	intergenic	1.66	HG02982:1.66	1.66
12	73494003	73494127	AAGG	TRHDE(dist=434581),LINC02444(dist=58843)	intergenic	1.66	HG02982:1.66	1.66
16	84721271	84721272	AATGG	KLHL36(dist=19979),USP10(dist=12334)	intergenic	1.66	HG02982:1.66	1.66
17	32502176	32502177	AGAT	LINC01989	ncRNA_intronic	1.66	HG02982:1.66	1.66
17	7431141	7431142	AC	POLR2A(dist=13210),TNFSF12(dist=21233)	intergenic	1.66	HG02982:1.66	1.66
18	47196736	47196737	ACC	LIPG(dist=71182),ACAA2(dist=111797)	intergenic	1.66	HG02982:1.66	1.66
21	41346263	41346264	AAAGAGGGAGAGAGAG	PCP4(dist=44946),DSCAM(dist=36662)	intergenic	1.66	HG02982:1.66	1.66
2	1484461	1484462	AC	TPO	intronic	1.66	HG02982:1.66	1.66
2	186478283	186478284	AGAT	LOC105373782(dist=446484),FSIP2-AS2(dist=106317)	intergenic	1.66	HG02982:1.66	1.66
6	22506559	22506563	AGCCC	PRL(dist=203495),HDGFL1(dist=63232)	intergenic	1.66	HG02982:1.66	1.66
8	123675804	123675805	AAAG	SMILR(dist=94921),LINC01151(dist=6819)	intergenic	1.66	HG02982:1.66	1.66
1	51285250	51285657	AT	FAF1	intronic	1.66	HG02982:1.66	0.87,1.66
15	25012162	25012490	AAATATATAT	NPAP1(dist=83569),SNRPN(dist=56265)	intergenic	1.66	HG02982:1.66	0.81,1.66
2	243152476	243152488	AACCCTGACCCTGACCCT	LINC01881(dist=50000),NONE(dist=NONE)	intergenic	1.65	HG02982:1.66	0.86,0.82,1.66
12	133841292	133841520	ACCCTG	ANHX(dist=28870),NONE(dist=NONE)	intergenic	1.65	HG02982:1.66	0.84,1.66,0.84
3	7145134	7145596	AG	GRM7	intronic	1.64	HG02982:1.66	1.66,0.82,1.71,2.55
6	125581487	125582415	AAAG	TPD52L1	intronic	1.63	HG02982:1.66	1.66,0.84,0.81,1.66
4	40297337	40297416	AGATGGAGGCGG	RHOH(dist=48750),LINC02265(dist=11786)	intergenic	1.63	HG02982:1.66	0.84,0.84,0.84,1.66
1	246682610	246685818	AACCACGCTCCCTAGATG	LINC01743	ncRNA_intronic	1.62	HG02982:4.15	0.82,0.81,1.67,0.83,0.80,0.84,2.50,0.85,0.82,1.63,1.61,1.71,1.71,1.64,3.20,2.50,1.62,1.61,0.84,0.85,0.82,1.68,1.65,1.63,1.58,1.69,1.63,0.86,0.84,2.52,0.83,3.91,0.84,0.82,0.94,1.68,1.67,1.68,1.64,1.68,0.86,0.83,0.82,1.67,1.63,0.84,0.81,0.90,0.87,1.74,0.81,1.64,1.63,1.64,2.49,2.57,2.46,0.85,1.65,0.84,1.64,2.50,0.84,0.83,0.83,0.85,1.57,0.86,0.87,0.84,0.87,4.15,0.83,1.71,0.82,3.36,0.86,0.84,1.70,1.74,1.69,0.86,0.84,2.54,0.82,2.51,0.83,0.84,0.85,2.51,0.79,3.25,0.85,1.69
14	24359531	24360407	AAAG	DHRS2(dist=244683),DHRS4-AS1(dist=47533)	intergenic	1.61	HG02982:2.49	0.83,0.82,0.84,0.85,0.84,0.83,1.68,0.84,0.82,0.84,0.86,1.63,0.85,0.82,0.86,0.84,0.81,0.83,0.87,2.49,0.86,1.64,0.84,0.84
5	583753	585521	ACCC	MIR4456(dist=47756),LOC100996325(dist=16763)	intergenic	1.59	HG02982:4.15	0.82,1.63,0.81,0.83,0.83,3.32,2.50,1.60,1.67,2.51,1.70,0.84,1.65,0.82,2.41,0.82,1.71,0.87,1.64,1.67,0.81,0.81,1.68,0.84,0.85,0.82,1.68,1.65,2.37,0.85,0.86,0.84,1.68,0.84,0.85,4.34,1.71,1.65,1.61,2.48,1.65,0.78,0.81,0.84,1.68,0.86,1.68,0.83,2.51,0.84,0.82,1.67,1.68,2.58,1.66,1.67,0.84,0.81,0.90,1.74,0.81,0.81,1.64,0.81,1.63,0.85,0.85,0.83,1.67,1.67,1.64,1.62,1.70,0.83,2.57,2.47,2.52,0.83,1.66,0.84,0.85,1.57,0.86,2.51,3.49,4.15,1.71,0.83,2.57,1.72,1.67,2.53,2.54,1.71,0.82,0.84,2.56,2.51,0.79,0.81,0.85,2.48,1.66
2	78606012	78606742	AAGAG	LOC101927967(dist=88155),LOC105374820(dist=165915)	intergenic	1.59	HG02982:1.66	0.85,1.66,0.83,2.54
10	80282156	80282966	AAAG	LINC00595(dist=242186),ZMIZ1-AS1(dist=420117)	intergenic	1.59	HG02982:1.66	0.83,1.66,2.57,2.54
7	68923757	68924514	ACACATATATACATATATAT	LOC102723427(dist=1426080),CT66(dist=135276)	intergenic	1.59	HG02982:1.66	0.83,0.83,1.64,1.66,0.86
Y	13812782	13829999	AATGG	NONE(dist=NONE),GYG2P1(dist=687916)	intergenic	1.58	HG02982:9.13	4.90,2.45,6.51,2.49,6.68,1.66,4.99,6.66,5.01,3.34,1.60,4.18,6.70,2.50,2.55,2.52,3.29,2.47,4.02,2.46,3.41,5.13,4.33,3.29,1.60,10.02,6.49,5.64,4.21,4.84,0.84,8.51,2.45,0.83,3.15,6.52,5.04,0.84,0.85,8.67,1.66,5.79,2.41,3.30,4.69,4.05,5.86,1.65,0.86,3.36,6.69,2.52,4.93,6.88,4.09,5.18,1.63,4.84,6.08,2.61,6.47,2.42,6.52,6.51,2.56,0.82,1.66,10.30,3.28,1.71,3.31,0.83,1.73,1.67,7.30,2.50,4.94,4.14,0.83,5.02,0.85,1.57,3.34,6.69,9.13,2.48,0.86,2.48,5.97,3.28,0.84,2.57,7.52,6.11,7.61,3.42,0.84,2.45,4.20,1.55,2.51,6.74,0.85,0.84,1.58,1.63,9.10,2.55
1	102018459	102018821	AATATACATGTATATAT	LINC01307(dist=175590),OLFM3(dist=249302)	intergenic	1.58	HG02982:2.49	0.82,0.82,0.81,0.83,0.83,0.83,0.84,0.80,0.85,0.82,1.63,1.61,0.84,0.85,1.63,0.85,0.78,0.84,0.84,0.83,0.82,0.84,0.84,0.82,0.86,0.84,0.81,0.83,1.67,2.49,0.82,0.84,0.84,0.84,0.82,0.84
10	134854667	134854870	AAGGCAGGGTCCGGG	LINC01168(dist=64666),ADGRA1-AS1(dist=43883)	intergenic	1.58	HG02982:1.66	1.66,0.84,1.66,0.87,0.83
7	148027010	148029211	ACTCCATCCATCC	CNTNAP2	intronic	1.57	HG02982:8.30	0.82,2.45,4.89,1.67,0.83,2.49,1.67,7.51,5.01,1.60,5.01,0.84,1.68,2.47,5.75,0.81,0.80,2.46,2.56,2.60,1.60,3.34,2.43,1.61,0.84,2.90,2.55,0.82,0.83,4.89,4.73,1.69,0.81,1.72,1.68,1.68,4.20,1.70,3.47,3.43,3.31,0.83,4.02,0.83,1.69,3.31,3.91,5.67,3.36,3.35,5.77,3.78,0.86,2.52,0.84,0.84,2.55,2.46,4.19,3.37,4.30,3.33,0.83,1.73,2.52,2.45,1.69,3.23,1.79,3.48,0.87,4.04,2.42,1.64,4.07,0.85,6.57,0.83,4.29,1.64,8.27,1.67,0.86,5.02,4.11,0.81,2.55,2.50,5.14,4.94,1.68,3.31,8.28,4.19,2.56,7.07,0.86,3.34,0.87,4.18,2.62,8.30,2.57,1.71,1.65,4.93,3.41,4.10,2.52,2.57,0.86,1.67,1.69,0.87,3.38,0.85,2.57,4.20,1.69,6.54,0.82,7.56,3.88,5.86,0.83,1.71,3.34,7.88,0.81,0.85,2.48,3.33,2.55,1.69
7	15362422	15362566	AAATATATAT	AGMO	intronic	1.57	HG02982:1.66	0.83,0.83,0.83,1.66,0.86
17	76634861	76635972	AC	SCAT1(dist=6722),CYTH1(dist=34157)	intergenic	1.56	HG02982:3.32	0.81,0.83,0.84,0.84,0.83,0.83,0.86,0.84,1.71,1.65,0.78,0.84,0.83,0.84,0.85,0.84,0.82,0.83,0.86,0.82,0.90,0.83,1.65,0.83,2.57,1.68,1.66,0.84,0.86,0.87,0.87,3.32,1.64,1.72,2.57,0.85,0.86,1.69,0.82,0.84,0.83,2.56,2.51,0.81,1.66,0.85
3	142150650	142151317	AAATTATATATATAAT	XRN1	intronic	1.55	HG02982:1.66	2.50,1.66,0.84,0.84,0.79
2	6392956	6393806	ACACGTATATATAT	LOC400940(dist=264592),LINC01247(dist=112336)	intergenic	1.54	HG02982:1.66	1.66,2.46,0.84,2.37,0.83
10	121186327	121187713	ACCACCATCATCAGCATC	GRK5	intronic	1.53	HG02982:4.15	0.81,0.83,0.83,0.83,1.65,0.97,0.85,1.73,0.85,0.86,2.48,0.80,0.81,1.65,0.94,1.68,0.83,0.85,0.86,0.83,0.82,0.86,0.84,0.82,0.90,1.74,0.81,0.81,0.81,0.83,2.48,2.46,0.85,0.82,0.84,0.83,0.84,1.70,0.79,2.57,4.35,4.15,0.86,3.31,3.29,1.71,0.82,0.86,0.84,0.85,4.36,1.69,2.54,1.64,1.68,0.84,3.33,0.85,1.63,2.55,1.65,1.70,0.85
3	95958451	95959313	AGCTATATATAT	MTHFD2P1(dist=556414),MIR8060(dist=119495)	intergenic	1.53	HG02982:2.49	0.82,2.36,0.84,2.49,1.71,3.38,0.85,1.69,0.85,0.86,0.82,1.65
10	36419627	36420731	ACTATATATATAG	PCAT5(dist=329779),ANKRD30A(dist=994054)	intergenic	1.51	HG02982:2.49	0.81,0.83,0.80,0.84,0.85,1.71,0.87,0.84,0.85,0.84,0.86,0.85,0.84,0.86,1.73,0.81,0.82,1.71,0.82,0.84,0.83,0.84,0.79,2.49,0.86,0.85,0.84,3.42,0.81,0.85
2	191230177	191231384	AG	INPP1	intronic	1.50	HG02982:4.98	0.81,4.16,0.83,1.66,3.32,2.50,1.67,5.85,1.60,2.51,3.35,1.70,2.52,0.82,0.82,1.63,1.61,0.82,0.85,3.46,0.82,0.80,0.81,0.81,0.84,3.87,0.84,2.55,0.82,1.65,2.54,0.81,5.15,0.84,0.84,4.25,0.87,2.57,0.80,3.30,1.69,0.83,0.78,1.68,1.68,1.66,0.84,0.85,1.64,3.35,0.86,3.33,0.83,0.86,1.68,1.63,0.84,0.81,1.79,2.61,0.87,2.43,0.82,0.81,1.63,2.56,0.82,0.83,0.86,0.82,0.85,0.83,1.67,3.35,2.46,0.81,0.83,1.71,2.47,0.84,1.66,1.66,3.35,0.85,1.57,1.71,0.84,0.87,4.98,0.86,1.65,1.71,1.71,0.84,1.71,0.84,1.69,1.70,0.87,0.85,2.54,2.57,0.84,1.69,0.78,0.84,0.83,0.84,1.71,0.79,0.81,0.85,1.65,1.66,2.54
10	98175096	98175828	ACAGAGAGAGAGAGAGAGAG	TLL2	intronic	1.50	HG02982:2.49	0.84,0.82,1.67,0.83,1.68,1.64,0.83,0.84,0.83,1.57,2.49,1.64,0.87,0.85,0.82,0.78
19	6775561	6777151	ATCC	VAV1	intronic	1.49	HG02982:13.28	5.71,7.34,3.26,2.49,5.84,5.82,2.49,9.16,4.17,5.85,3.19,1.67,10.05,6.66,2.55,5.05,2.47,4.93,7.33,8.05,5.75,8.53,4.27,7.79,7.40,7.21,10.85,5.68,10.48,8.41,3.87,7.59,6.80,4.32,7.35,11.74,9.08,5.70,4.73,9.32,9.78,6.87,5.88,4.20,14.29,3.40,6.07,6.00,6.63,5.79,3.21,6.60,1.69,10.74,2.34,5.67,4.27,10.91,7.54,4.94,0.94,5.18,7.57,5.82,9.20,3.35,5.11,4.93,2.51,5.89,6.02,8.32,15.53,9.16,8.63,3.36,7.35,2.53,5.65,13.44,6.08,7.83,6.47,7.25,5.75,4.89,4.89,3.42,7.39,3.32,13.73,4.92,4.27,5.79,3.33,4.32,6.70,9.03,5.68,5.96,0.83,11.14,4.12,3.36,5.80,3.31,12.56,6.82,4.72,9.43,8.36,2.61,7.53,7.86,13.28,0.86,3.31,9.42,2.48,6.58,9.39,2.46,4.20,6.86,2.57,5.85,4.22,6.79,10.47,3.38,4.23,7.70,4.20,5.93,5.72,9.90,8.40,4.66,4.19,3.33,5.06,5.13,3.34,7.32,3.40,7.45,16.63,8.49,8.47
19	8194768	8196088	AAAGG	FBN3	intronic	1.49	HG02982:10.79	9.16,4.28,7.42,5.03,19.05,4.14,4.19,5.97,2.36,10.28,6.69,10.79,3.42,7.45,11.14,3.31,6.83,5.04,5.14,1.67,6.75,7.64,8.72,32.14,11.45,8.54,0.84,15.46,1.70,6.62,0.85,9.31
2	64196838	64197778	AGATATATAT	VPS54	intronic	1.49	HG02982:2.49	0.83,6.80,1.73,7.35,2.37,2.46,0.86,2.49,0.87,0.85,0.84
16	23815661	23816232	AT	CHP2(dist=45405),PRKCB(dist=31072)	intergenic	1.49	HG02982:1.66	0.84,0.83,0.81,0.81,1.66,0.81
4	1582100	1582872	CCCCCCCCCCCCCCCCCGG	NKX1-1(dist=181870),FAM53A(dist=58736)	intergenic	1.49	HG02982:1.66	0.84,0.81,1.64,0.85,1.66,0.85
8	70684066	70685433	AAAGG	SLCO5A1	intronic	1.48	HG02982:10.79	0.83,0.83,0.80,0.84,5.03,0.85,0.87,0.97,1.63,0.85,0.84,0.87,1.65,0.78,10.09,0.84,1.73,0.90,0.87,0.81,1.71,0.82,0.82,0.85,0.84,0.81,0.86,0.82,0.84,15.74,7.45,1.67,12.79,7.07,11.32,10.79,3.42,2.57,0.85,1.64,1.68,9.43,1.71,6.11,1.69,5.93,1.64,10.08,10.87,5.86,4.16,0.84,0.84,0.81,3.31,1.66
10	44819326	44820388	AAAG	C10orf142(dist=29229),CXCL12(dist=45225)	intergenic	1.48	HG02982:3.32	0.82,0.83,0.83,0.83,0.84,0.84,0.85,0.82,1.64,0.87,0.82,1.60,0.81,0.81,0.84,2.54,1.63,0.83,1.61,0.83,0.83,0.81,1.68,0.83,0.84,2.55,1.67,0.84,0.84,0.90,0.87,0.82,0.81,1.71,0.82,3.28,0.85,0.83,0.81,1.70,2.56,0.87,0.84,3.32,1.71,1.72,1.69,1.70,0.85,0.86,0.85,0.85,0.81,1.70,3.33,0.85
11	125362553	125363928	AAAG	FEZ1	intronic	1.47	HG02982:7.47	1.63,1.66,1.66,3.32,4.16,1.67,3.34,2.51,2.50,1.70,1.68,2.47,0.81,0.80,1.64,1.71,2.56,1.64,4.01,13.35,1.62,0.81,0.84,1.94,2.53,5.10,6.05,0.82,5.03,4.13,1.63,1.58,3.26,7.73,0.84,0.85,3.47,0.86,3.31,2.41,4.95,5.93,4.13,2.34,2.51,0.82,0.94,5.18,1.66,2.51,0.84,5.11,1.64,1.68,0.86,3.33,0.82,0.83,8.63,1.68,4.90,0.84,2.42,2.69,0.87,1.74,5.66,3.22,0.81,0.81,1.71,0.82,1.66,1.72,1.64,0.85,1.65,1.67,1.67,2.43,0.85,5.83,0.86,0.84,1.67,5.11,0.79,6.86,1.67,3.48,2.51,6.98,7.47,3.42,4.14,3.43,4.96,5.97,3.28,3.36,1.67,2.53,2.55,4.23,0.86,2.52,4.24,0.82,1.65,1.68,2.51,0.83,2.56,2.51,2.37,2.55,4.14,3.33,0.85,2.54
12	108972043	108972709	ACCACCACCACCACCATC	ISCU(dist=8883),TMEM119(dist=10918)	intergenic	1.47	HG02982:2.49	1.63,0.81,0.83,1.64,0.82,1.69,0.94,0.86,3.27,0.81,0.81,0.86,0.85,0.82,0.83,0.85,0.84,1.67,2.49,0.86,0.84,0.85,0.85,0.83
13	83925504	83925753	AAGG	NONE(dist=NONE),SLITRK1(dist=525587)	intergenic	1.47	HG02982:1.66	0.81,0.86,0.86,0.81,0.87,1.66
7	102800099	102801853	AAATGGTGAGGGGCACTGGG	NAPEPLD(dist=10553),DPY19L2P2(dist=13609)	intergenic	1.46	HG02982:12.45	1.63,3.26,0.81,0.83,1.67,5.82,0.84,3.34,2.50,0.85,4.21,1.65,0.80,1.62,3.22,4.21,2.90,0.85,0.86,0.82,0.83,1.69,1.63,2.58,0.84,3.47,0.86,0.83,1.65,8.04,6.71,0.82,0.94,5.03,2.55,1.68,0.86,0.82,0.83,3.45,5.72,0.84,4.03,1.79,6.09,0.81,0.81,0.82,2.56,4.98,1.72,2.46,1.71,0.86,2.51,1.64,1.62,2.55,2.50,12.85,1.65,0.84,5.80,11.60,5.02,3.41,7.71,0.84,0.87,2.51,4.36,12.45,8.27,6.00,2.48,8.22,4.27,3.28,1.68,6.00,1.71,5.01,1.69,8.49,7.85,11.00,1.69,0.86,1.68,18.64,17.99,7.56,3.88,4.19,0.83,10.11,10.25,2.51,11.83,11.39,5.94,5.79,2.49,5.08
13	112092332	112092731	AAGCTGCAGGGG	TEX29(dist=95737),LINC02337(dist=155625)	intergenic	1.46	HG02982:2.49	0.83,0.85,2.52,0.84,0.86,0.83,0.82,0.84,0.84,0.82,0.82,1.71,0.83,1.67,0.87,2.49,0.86,0.83,0.84,0.86,0.86,0.85,1.64,0.78,0.81,0.83,0.83,1.70,0.85
16	87250651	87251148	ACCCCCAGCACGGACCTG	LOC101928708	ncRNA_intronic	1.44	HG02982:2.49	0.82,2.44,0.83,0.83,0.82,0.80,0.85,0.87,0.85,0.84,1.70,0.83,0.83,0.86,1.68,0.81,0.84,0.83,0.84,2.49,0.83,2.57,0.84,0.86,0.85,0.84,0.84,0.84,2.51,0.83,0.85
6	34942115	34942545	AAGGGAAGGGGAAGGGG	ANKS1A	intronic	1.44	HG02982:1.66	0.84,0.83,0.94,1.66,0.83,0.86
2	163369298	163370389	AAGG	KCNH7	intronic	1.42	HG02982:5.81	2.45,3.26,2.44,0.83,4.16,1.67,0.83,3.34,2.39,1.67,1.68,1.70,1.68,3.29,4.11,2.44,2.41,1.64,3.41,5.13,2.60,4.93,3.20,0.81,0.84,2.53,4.25,3.46,4.09,2.48,0.81,0.79,0.85,1.63,0.86,1.68,0.84,3.36,0.85,3.47,2.57,2.48,2.41,2.48,0.85,3.91,1.62,2.56,0.84,3.35,0.82,2.59,2.52,1.67,2.55,0.82,4.19,0.84,0.86,8.32,4.09,5.00,0.86,1.68,1.63,1.69,1.61,3.58,3.48,1.74,4.04,1.61,1.64,3.26,5.13,0.82,0.83,3.43,3.28,3.42,4.14,1.73,2.51,1.64,4.05,2.55,0.86,2.47,2.52,2.48,0.83,1.67,1.70,0.79,0.86,0.84,3.48,0.84,4.36,5.81,0.83,0.83,0.82,4.27,1.64,0.84,1.72,3.43,0.84,1.69,2.62,2.54,0.85,2.57,3.36,4.24,1.64,2.47,2.52,3.11,0.84,3.33,1.69,3.42,0.84,1.70,0.83,2.49,2.55,1.69
14	75030222	75031539	AAATATATATAT	LTBP2	intronic	1.39	HG02982:2.49	0.83,0.85,1.67,0.80,0.81,0.87,1.73,0.83,0.86,0.84,2.36,2.49,0.85,0.86,0.84,0.87,0.85,1.67,0.83,1.67,2.37,0.81
X	20013279	20014172	AAGGAGGGAGGG	LOC729609(dist=5382),MAP7D2(dist=10659)	intergenic	1.37	HG02982:1.66	0.84,1.66,1.66,0.85,0.85,0.87,0.85
3	10265752	10266314	ACCC	IRAK2	intronic	1.36	HG02982:5.81	3.27,3.26,2.44,6.65,2.50,4.16,2.49,1.67,2.50,0.84,5.58,2.51,5.03,1.70,4.21,0.82,1.64,2.44,1.61,1.64,3.41,3.42,0.82,0.80,0.81,2.42,0.84,5.10,0.86,1.63,0.84,2.44,1.58,0.85,1.63,0.86,0.84,0.84,1.68,0.85,4.34,1.71,3.31,1.65,1.61,0.83,0.85,1.65,3.91,2.56,1.68,1.68,1.65,1.89,1.73,3.36,2.50,3.35,0.84,0.85,4.93,1.67,3.37,2.58,2.50,3.27,2.50,2.59,1.68,3.37,0.81,1.74,4.04,0.81,0.81,1.63,3.29,1.66,0.85,0.83,0.83,2.59,0.84,1.62,0.85,0.83,1.71,1.65,0.84,1.66,1.66,1.67,0.79,1.71,1.67,0.87,2.62,5.81,2.57,2.48,0.86,0.83,0.82,1.71,5.75,0.86,1.71,1.69,1.70,0.87,0.85,2.54,0.85,1.65,1.68,1.66,0.84,0.84,1.63,0.85,0.83,1.66,1.70,4.23
6	165540864	165542073	ATCC	MEAT6(dist=305312),C6orf118(dist=151080)	intergenic	1.36	HG02982:4.98	0.82,0.82,0.81,1.66,2.49,0.83,4.17,2.39,0.84,1.68,0.83,0.85,2.52,1.63,1.61,1.71,0.85,0.87,3.29,1.60,0.83,0.84,1.94,3.37,1.63,1.68,1.65,0.85,0.86,0.84,2.52,0.85,1.66,1.65,0.85,0.85,0.84,0.84,0.84,1.67,0.85,2.51,0.84,1.72,0.83,0.82,1.67,0.82,0.84,0.87,1.74,0.81,2.46,0.81,2.49,2.57,1.64,0.83,0.83,0.86,2.43,3.40,0.83,1.71,2.47,0.84,4.14,0.83,1.67,0.85,0.79,2.57,0.84,0.87,0.84,1.75,4.98,3.42,0.83,2.57,0.82,3.41,1.64,6.72,0.86,0.86,1.67,4.22,2.55,0.85,1.69,0.86,1.68,0.85,0.82,0.82,1.68,4.16,1.69,2.56,0.84,0.79,1.70,2.48,3.33,4.23
6	46844772	46845471	AAAG	ADGRF5	intronic	1.36	HG02982:2.49	0.83,1.66,0.97,0.79,0.83,0.82,0.83,0.83,0.82,0.83,0.79,0.86,0.84,2.49,2.48,0.82,0.84,1.69,1.71,0.82,0.78,1.66,0.84,1.71,0.81,0.85,0.85
2	52031865	52033068	ACC	LOC730100	ncRNA_intronic	1.33	HG02982:21.58	8.98,1.63,6.51,0.83,1.67,8.32,6.65,9.18,5.85,3.19,4.18,8.38,0.84,2.47,3.29,3.26,3.22,0.85,4.33,3.20,0.81,0.81,1.68,3.87,0.86,0.82,2.48,0.81,1.63,5.15,2.41,0.83,10.05,8.24,5.04,11.74,0.85,2.46,2.51,0.86,5.82,5.72,1.67,0.84,0.81,0.81,1.61,0.82,0.81,3.42,6.64,4.29,0.86,0.84,1.62,1.66,24.85,25.15,7.71,20.89,0.87,21.58,1.71,5.04,10.29,11.99,10.02,2.53,16.13,5.92,6.77,4.24,5.72,33.38,1.67,8.32,11.96,32.54,23.78,13.24,8.47
20	59731279	59731903	AC	LINC01718(dist=76044),CDH4(dist=95414)	intergenic	1.33	HG02982:2.49	0.83,1.67,0.84,0.85,0.87,0.81,0.85,0.84,0.86,1.66,0.80,0.83,0.84,0.83,1.74,0.81,0.84,0.85,0.87,2.49,0.84,1.69,1.67,2.49
1	112712623	112713269	AAAG	LINC01750(dist=171160),CTTNBP2NL(dist=225567)	intergenic	1.31	HG02982:2.49	0.82,0.83,0.80,0.84,1.71,2.47,3.37,0.85,0.83,1.62,0.84,0.83,0.81,0.90,0.81,1.61,0.82,0.82,1.65,2.49,1.65,0.86,0.85,0.82,0.86,0.83
4	169217894	169218969	AAAG	DDX60	intronic	1.27	HG02982:9.96	0.85,0.84,6.71,7.45,4.97,10.48,9.96,10.76,15.11,13.53,1.67,16.27
6	150584524	150585876	ACAGGATGCCGCACGC	PPP1R14C(dist=12996),IYD(dist=104272)	intergenic	1.27	HG02982:3.32	1.63,1.63,2.51,0.82,0.81,1.67,0.84,1.94,0.84,1.63,0.84,2.37,1.63,2.58,0.84,0.87,0.86,0.83,0.83,0.84,1.89,0.83,0.84,1.72,4.09,1.67,0.84,0.81,0.82,3.26,0.85,0.82,1.64,0.85,1.65,0.84,0.83,0.85,0.79,0.86,1.67,0.84,3.32,0.83,0.85,0.84,0.84,0.84,4.24,0.85,1.69,0.86,0.84,0.82,1.65,0.84,0.83,1.71,1.67,0.81,1.70,1.66,0.85,0.85
1	223612496	223613646	AAAG	CCDC185(dist=43689),CAPN8(dist=101333)	intergenic	1.25	HG02982:5.81	3.36,1.66,4.29,5.81,9.41,4.18,9.28,2.62,0.85,5.08,1.68,5.01,6.65,4.24,10.16
4	16111887	16112377	AAGGAGGAAGGAGGAGG	PROM1(dist=26241),TAPT1(dist=49751)	intergenic	1.22	HG02982:4.15	0.81,0.83,0.83,1.67,0.80,2.52,0.82,0.82,0.80,1.71,0.82,0.81,1.68,0.97,0.84,0.85,0.82,1.68,4.13,1.63,2.37,0.85,1.68,4.20,2.55,0.87,1.65,0.85,0.78,0.81,0.84,1.68,0.83,0.84,2.46,0.86,1.63,0.83,0.86,2.53,0.87,0.81,2.42,3.26,2.56,1.66,4.10,0.82,0.83,0.86,0.82,1.68,0.83,0.84,1.57,1.67,1.75,4.15,1.65,1.71,0.82,0.82,1.68,0.86,0.86,6.75,0.87,2.54,1.71,1.68,0.85,1.64,0.78,4.19,2.50,0.84,0.85,0.84,0.79,0.81,0.85,1.70,2.54
4	165539782	165540724	AAATATATATATATTTCAC	MARCHF1(dist=235375),SMIM31(dist=134559)	intergenic	1.21	HG02982:3.32	2.50,1.68,2.48,4.19,1.71,3.32,0.85,3.43,2.55,3.42,1.68,3.30,2.33,0.79,0.85
13	106296914	106297597	AAAGAAGGAAGG	DAOA-AS1(dist=138884),LINC00343(dist=61582)	intergenic	1.21	HG02982:2.49	0.81,0.86,0.85,0.81,0.84,0.84,0.87,0.82,0.86,2.36,2.49,0.86,0.85,1.64,0.86,1.67,1.69,1.71,1.64,1.68,1.67,0.83,0.84,0.83
3	71485072	71485471	AAGGGAGGGAGGGAGGGAGG	FOXP1	intronic	1.19	HG02982:2.49	0.82,0.83,1.65,0.81,1.62,0.81,0.81,0.79,0.84,0.87,0.83,0.83,0.81,0.85,2.52,0.83,0.84,0.84,0.90,0.87,0.81,0.81,0.82,0.81,0.85,0.84,0.83,0.86,1.67,0.87,0.84,2.49,1.71,0.82,0.85,0.86,0.86,0.84,0.87,1.69,3.39,0.82,0.82,0.84,0.84,0.84,0.79,0.83
4	183880813	183881850	AC	DCTD(dist=42183),FAM92A1P2(dist=76968)	intergenic	1.18	HG02982:3.32	0.81,2.49,1.67,1.67,2.51,0.80,2.51,1.68,0.82,1.63,1.61,0.85,2.60,0.82,0.80,0.83,0.84,0.97,0.84,0.86,0.82,1.68,1.65,0.81,0.85,0.81,0.84,0.84,1.71,0.83,1.65,1.56,0.84,0.83,2.55,0.83,0.90,0.87,0.81,0.81,0.82,0.81,0.86,0.82,0.85,1.65,0.86,0.81,0.83,0.86,0.84,0.85,0.86,0.84,3.32,0.83,2.48,0.82,0.84,0.84,0.85,0.85,2.54,0.84,0.79,0.83,1.66,0.85,1.69
8	26413253	26414014	ACTATATATAT	DPYSL2	intronic	1.18	HG02982:1.66	0.83,0.79,0.85,0.84,2.34,1.64,1.66,0.85
5	584302	585355	ACCCACCCACCCACCCATCC	MIR4456(dist=48305),LOC100996325(dist=16929)	intergenic	1.16	HG02982:1.66	0.80,0.83,1.63,0.84,1.79,1.66,0.84,0.84,0.84
7	48264904	48265194	AAGG	ABCA13	intronic	1.15	HG02982:1.66	0.82,0.83,0.80,0.84,0.85,0.83,0.82,1.66,0.85
12	71737957	71739095	AAG	TSPAN8(dist=186178),LGR5(dist=94483)	intergenic	1.14	HG02982:4.98	0.81,1.64,0.81,0.80,1.64,0.87,0.83,1.68,0.97,1.69,5.18,1.63,1.58,1.69,1.72,5.88,1.68,0.83,0.83,0.83,0.85,0.83,0.78,1.68,1.68,0.84,1.70,0.84,3.33,0.82,2.50,1.73,1.68,1.63,1.69,0.90,1.62,2.42,0.82,1.63,2.46,1.72,2.48,0.86,2.51,0.82,0.81,0.85,1.71,2.47,2.51,5.97,0.86,0.84,1.75,4.98,0.86,0.83,4.28,3.31,1.71,0.84,0.84,3.38,3.40,0.87,5.08,4.23,0.84,0.85,3.27,0.82,0.78,1.67,2.50,5.13,0.84,1.58,0.83
12	129455502	129456053	AAGGGAGGAGGGAGGGGGG	GLT1D1	intronic	1.14	HG02982:2.49	0.87,0.81,0.84,0.84,0.84,0.87,4.14,0.83,0.83,0.86,0.82,0.84,1.63,0.84,0.81,0.81,1.63,0.81,0.82,0.82,0.85,1.73,0.81,0.84,0.84,0.84,2.49,0.83,0.86,0.85,0.86,0.87,0.86,1.55,0.84,0.85,2.51,1.58,1.63,0.85,0.83,0.85
11	59399538	59400595	AT	OSBP(dist=16291),PATL1(dist=3596)	intergenic	1.14	HG02982:2.49	0.81,2.52,0.85,1.56,1.66,0.86,0.83,2.52,0.83,0.79,2.49,0.83,0.82,1.71,0.82,2.57,1.71,0.84,0.85,0.82,1.55,0.85,0.84,0.79,0.85
14	72931738	72932628	ATCC	RGS6	exonic	1.14	HG02982:1.66	0.83,0.84,0.82,0.87,0.83,0.79,1.66,0.86,1.64
18	80575	81478	AC	TUBB8B(dist=31018),ROCK1P1(dist=27587)	intergenic	1.12	HG02982:6.64	4.08,0.82,2.44,2.49,2.50,4.16,1.66,3.33,2.50,5.01,7.18,4.18,2.51,2.50,3.40,2.52,2.47,3.29,3.26,2.41,3.28,5.12,5.13,3.46,3.29,2.40,4.17,5.68,2.42,3.36,3.87,2.53,7.66,0.86,3.27,2.52,2.48,3.26,3.15,0.85,4.07,0.86,5.04,5.04,5.95,5.20,6.00,1.66,3.31,3.21,4.95,2.54,0.78,2.43,1.71,2.52,2.51,0.82,3.78,5.18,4.20,2.50,4.18,1.68,4.26,3.29,4.19,4.21,0.86,4.99,0.82,3.33,1.73,1.68,0.84,1.61,6.08,2.61,3.23,3.22,4.11,2.44,3.42,4.11,2.49,0.86,0.82,3.42,4.14,1.67,0.86,4.19,3.29,3.24,4.25,2.50,3.31,1.66,0.84,2.56,3.14,0.86,2.51,1.74,1.67,5.24,6.64,5.99,4.14,0.86,2.48,1.64,2.56,0.82,0.86,2.57,1.67,2.55,0.87,1.69,4.23,3.42,1.68,2.54,2.45,3.30,3.11,1.66,2.53,0.85,5.01,3.94,2.44,3.40,4.14,2.49,0.85,2.54
17	78717369	78718993	ACTAGCACTGCCCTGGCT	RPTOR	intronic	1.12	HG02982:2.49	0.83,0.83,0.85,0.82,0.80,0.87,1.64,0.80,0.81,0.84,0.84,1.63,1.72,0.84,1.68,0.87,0.83,0.83,0.78,0.84,0.84,0.82,0.84,0.81,0.90,1.61,2.44,2.46,0.86,0.86,1.62,0.79,2.49,0.85
11	109711543	109712484	AAGG	C11orf87(dist=411650),ZC3H12C(dist=251634)	intergenic	1.11	HG02982:2.49	0.81,0.83,0.85,0.85,0.85,0.80,1.62,1.73,0.83,2.34,1.71,0.84,0.85,0.84,1.61,1.71,0.82,0.84,0.85,0.84,2.49,1.71,0.83,0.82,1.71,0.82,0.84,0.86,0.78,0.83
10	50393287	50394749	AAG	TMEM273	intronic	1.10	HG02982:12.45	6.53,9.79,2.44,5.82,5.84,4.99,1.66,5.00,5.84,6.69,6.38,8.35,10.05,9.15,0.85,5.89,11.52,3.29,3.26,7.24,9.03,1.71,3.42,5.19,3.20,9.18,9.74,3.22,4.21,2.90,5.06,5.95,7.78,8.99,4.19,5.78,5.70,4.73,7.62,8.96,1.72,5.88,11.77,9.25,4.25,4.34,10.29,12.43,3.31,8.84,9.08,5.93,7.44,7.81,2.43,5.98,5.87,2.51,9.06,7.55,6.91,6.73,3.33,3.35,1.68,8.52,0.82,9.21,5.05,6.88,6.66,8.17,5.00,11.21,3.27,0.84,0.81,7.17,9.56,3.48,4.83,1.64,11.40,16.24,1.64,0.83,0.82,5.12,4.14,0.83,11.24,9.21,2.46,4.25,10.28,4.12,3.36,7.45,2.48,2.51,0.79,6.00,10.87,4.35,3.49,12.45,1.71,1.65,4.28,4.11,5.97,1.64,10.07,3.43,1.71,3.38,10.19,9.60,4.23,11.84,7.70,5.88,5.93,11.45,2.47,8.40,20.23,7.69,10.87,6.31,8.14,3.40,0.83,0.83,0.85,4.23
10	134303606	134305287	ACACAGAGCCTGCGTGG	C10orf91(dist=41796),LOC107984282(dist=16661)	intergenic	1.09	HG02982:5.81	4.90,0.82,1.63,2.49,0.83,2.50,1.66,0.83,2.50,3.34,0.84,0.83,0.85,0.84,4.11,0.82,0.81,1.61,0.82,2.56,5.19,3.29,2.40,3.34,3.25,0.81,0.84,3.87,2.53,0.85,2.59,2.44,2.37,3.39,0.81,4.20,0.84,1.68,4.25,1.71,3.31,2.41,4.13,0.85,0.83,5.47,1.62,4.27,1.68,5.86,1.65,1.89,1.68,0.83,2.51,1.68,1.70,0.82,0.84,3.44,2.50,0.82,3.45,2.52,0.84,8.07,0.90,0.87,0.87,2.43,4.83,3.26,0.85,3.29,0.83,0.86,1.64,1.65,2.50,0.86,3.35,3.29,1.62,4.25,3.33,1.71,4.12,3.36,3.31,4.97,4.19,4.26,3.93,1.71,3.34,1.74,4.18,0.87,5.81,2.57,1.65,0.86,1.65,2.47,1.71,2.46,0.84,1.72,0.86,3.34,2.53,2.55,4.23,2.54,3.36,2.54,6.54,3.30,2.52,1.55,1.67,2.50,4.21,2.56,0.84,1.58,1.63,1.70,2.48,3.39,3.39
5	49941436	49942473	AAATATACAATTATATAT	EMB(dist=204314),PARP8(dist=19292)	intergenic	1.09	HG02982:5.81	3.27,0.83,0.83,0.83,0.83,4.17,1.67,0.84,2.47,0.80,0.87,2.50,0.81,0.97,2.53,0.86,0.82,1.63,1.58,1.72,2.52,0.85,0.87,1.61,4.13,4.05,6.69,0.84,0.82,0.84,0.82,1.63,0.84,0.81,0.81,0.81,0.81,0.85,0.82,0.84,0.81,4.17,1.71,0.84,5.97,0.79,3.43,5.22,5.81,0.83,0.86,2.56,5.04,3.43,0.86,0.84,7.64,3.49,2.54,1.71,4.91,0.82,2.50,3.34,0.81,5.10,3.31,1.70,5.08
7	45650216	45650582	ACACCTCCACCATCACCTCC	ADCY1	intronic	1.08	HG02982:2.49	0.82,1.63,0.83,0.83,0.84,0.84,0.80,0.82,0.81,0.84,3.40,0.87,0.83,0.80,1.65,1.65,0.86,0.83,1.67,0.82,0.90,0.81,0.81,0.82,0.82,0.86,0.82,0.81,1.67,1.66,0.85,0.79,0.84,1.67,2.49,0.83,0.82,1.72,0.84,0.85,0.84,0.83,0.85
14	53969197	53970115	AAGG	LOC101927620(dist=344951),MIR5580(dist=445030)	intergenic	1.07	HG02982:3.32	1.63,1.66,1.67,0.82,2.47,0.87,0.83,1.68,1.68,1.70,3.43,3.30,2.54,0.83,1.71,1.89,0.84,0.84,2.45,2.61,2.42,0.85,1.73,0.84,2.46,0.81,0.85,0.83,0.84,0.84,3.32,0.85,1.72,0.84,0.85,5.08,1.71,0.84,0.83,0.85,0.79
14	103774213	103774446	AAAG	LINC00605(dist=118848),LOC105378183(dist=9175)	intergenic	1.06	HG02982:1.66	0.82,0.84,1.63,0.82,0.82,0.86,0.85,1.66,0.86,0.85
8	13663657	13664937	AAGCCAAGGAGGGAGGGAGG	LOC102725080(dist=173572),SGCZ(dist=277417)	intergenic	1.05	HG02982:4.15	1.63,0.83,1.66,0.83,0.83,2.51,0.80,0.84,0.83,2.55,2.52,1.63,0.82,0.85,0.87,1.64,1.67,1.61,1.68,2.53,1.73,0.82,2.52,0.83,0.81,2.37,1.69,0.81,1.68,0.84,0.84,3.40,3.47,0.86,0.83,0.83,0.78,2.43,0.84,0.82,1.73,1.68,3.35,0.85,0.84,2.53,1.68,0.82,0.81,1.74,0.81,4.11,0.83,0.85,2.50,0.86,0.82,0.83,1.71,3.30,0.83,0.84,2.36,0.86,4.35,0.84,0.87,4.15,3.31,2.57,0.83,0.85,0.82,0.84,1.72,0.86,0.84,0.87,3.36,0.82,1.55,1.67,1.69,2.37,0.83,0.85,1.69
8	33237179	33237990	ACTATATATATAT	FUT10	intronic	1.05	HG02982:1.66	0.85,0.83,0.82,0.86,0.83,0.87,1.66,2.47,0.84
19	54922285	54923384	AG	LAIR1(dist=40122),TTYH1(dist=3254)	intergenic	1.03	HG02982:6.64	0.82,1.63,0.81,3.33,3.34,5.82,0.83,0.83,9.18,5.85,2.39,2.51,1.68,3.33,0.85,4.21,2.47,1.64,2.41,1.64,7.68,3.42,1.73,1.64,1.60,1.67,0.81,2.42,2.52,4.84,4.22,4.25,0.86,3.27,3.35,3.30,3.26,0.79,2.54,4.89,2.58,2.52,2.52,2.52,2.60,2.57,3.31,1.65,0.80,2.48,4.23,4.13,2.43,1.71,4.19,0.84,0.82,0.84,2.50,1.67,3.35,2.55,1.64,3.35,1.72,1.66,3.27,1.67,4.31,1.68,2.45,0.84,1.74,6.09,1.62,4.83,0.82,1.63,0.81,1.71,7.47,3.43,0.82,3.42,3.31,1.67,2.59,1.67,1.64,1.62,2.55,2.50,1.71,5.87,1.66,0.83,0.84,3.41,0.79,0.86,0.84,5.22,3.35,3.49,6.64,5.99,1.65,1.71,0.83,2.47,5.12,4.10,1.68,0.86,2.57,4.18,1.69,0.85,3.49,2.54,4.23,4.28,0.84,3.39,0.82,0.82,0.84,1.55,2.51,2.50,2.53,4.27,1.67,2.37,0.81,1.70,2.48,4.16,3.39,3.39
14	91622640	91624055	ATCC	DGLUCY	splicing	1.02	HG02982:6.64	2.45,0.82,0.81,0.83,3.34,2.50,0.83,1.67,2.50,1.67,3.99,2.51,0.84,1.66,0.85,2.52,1.65,1.64,0.80,2.46,1.71,5.98,1.73,5.75,1.60,0.83,1.62,2.42,5.89,0.84,4.25,0.86,1.63,1.68,0.83,2.37,1.69,0.81,1.72,5.04,2.52,0.84,2.55,0.87,2.49,2.48,1.61,2.48,2.54,3.31,0.78,1.62,2.56,0.84,3.35,0.82,4.72,1.73,2.52,1.67,3.41,3.35,4.21,2.58,4.16,2.45,5.00,1.73,1.68,2.45,0.84,3.23,1.79,0.87,0.87,1.61,1.64,0.81,1.63,2.56,4.15,2.57,3.28,1.71,4.14,3.33,1.73,5.02,3.29,0.81,1.70,5.00,0.86,0.82,5.03,2.48,0.83,1.67,2.56,5.50,2.57,7.52,3.48,2.51,5.24,6.64,1.65,6.00,0.83,1.64,5.12,3.28,1.68,2.57,2.57,0.84,4.22,3.40,5.23,4.23,5.07,2.57,3.36,2.54,2.45,6.60,2.33,3.35,9.15,4.21,5.13,2.51,1.58,0.81,0.85,1.65,3.33,0.85
X	5707634	5708427	AAAG	LOC101928201(dist=1156021),NLGN4X(dist=99640)	intergenic	1.02	HG02982:1.66	0.85,0.84,0.87,0.84,0.84,1.66,1.71,0.86,0.85,0.85,0.83
7	1311292	1311636	ACACTGCCCGCCTCCCACAG	UNCX(dist=34330),MICALL2(dist=162359)	intergenic	1.01	HG02982:4.15	0.97,0.84,0.90,4.15,0.83,5.97,0.86,10.13,1.69,9.07,9.40,11.04,2.49,1.70,0.85
9	95571300	95571575	ACCCCCCCCCCCCCCCCCC	ANKRD19P,LOC101929748(dist=318)	upstream	1.00	HG02982:1.66	0.85,0.80,0.83,0.84,0.85,1.66,0.85,0.82,0.82,0.83
